-1.699916 -0.151459 0.371676 2.225411 -8.609686 -38.014747 10.089644 -25.723661 29.912300 -18.157528 30.354254 -17.551537 
-0.697725 -3.025701 0.074385 1.995896 4.381247 -29.862255 -2.449014 -13.145836 19.959275 -9.664095 19.973471 -9.482137 
1.221534 -6.268079 -0.334169 1.331236 12.463672 -21.256580 -10.348681 -0.943653 4.996042 10.564398 3.419129 15.716454 
1.882042 -8.374614 -0.597287 1.388090 17.300772 -12.553355 -15.326964 8.191080 0.112900 9.407913 -5.496913 15.694962 
0.772509 -7.737136 -1.014383 1.936848 14.429197 3.961445 -10.762823 18.754989 6.489992 5.117053 -2.508638 6.876081 
-0.650816 -4.757681 -1.038752 1.999864 13.740664 23.735870 -6.230306 31.543414 15.850650 -12.932962 9.281404 -9.763421 
-0.021125 -7.552310 -0.425752 1.336423 17.640747 26.514786 -14.701423 33.619747 8.538633 -6.904445 3.914579 -1.952424 
1.762059 -10.858214 -0.472523 0.678808 20.270222 6.476670 -20.534806 21.893239 -6.928467 17.640310 -5.946729 13.070349 
2.329575 -9.554649 -0.408726 1.299748 21.342856 -7.493447 -16.960431 4.183839 -7.473817 12.878563 -6.236904 12.174557 
1.153734 -6.253585 -1.037942 2.296910 10.600906 -12.855422 -3.794831 -11.813095 1.468333 9.728078 5.021929 10.739046 
-0.992558 -1.514692 -0.393049 2.701150 -13.754378 -19.592772 14.967044 -19.372970 18.003183 -11.500262 24.123637 -11.588112 
-1.640833 0.208074 0.497985 2.990084 -30.613094 -34.159472 27.182919 -25.662045 24.309367 -16.598612 31.755896 -16.873229 
0.140917 -3.910111 0.310626 3.416190 -18.573344 -29.995447 19.757644 -19.171886 9.898150 2.267299 14.944229 1.110632 
2.082542 -8.178158 -0.620128 3.353358 -0.095744 -22.068430 0.369036 -11.964220 -2.307642 12.438033 -4.350546 28.114015 
2.314667 -8.534596 -1.133190 3.383094 17.941814 -15.888839 -16.150806 -7.121261 -5.679442 13.749318 -9.040871 19.137228 
0.681359 -7.110306 -2.072276 3.853388 22.018097 -7.182922 -14.427831 5.270289 2.980633 3.873810 -2.268479 9.326137 
-1.231675 -1.146242 -2.299450 4.001585 16.060747 12.478461 -6.946639 24.921389 20.640367 -14.110453 15.239812 -10.901854 
-0.775441 -2.915142 -1.700374 3.858637 16.355239 13.273561 -20.583223 29.185680 16.017525 -10.022512 11.328254 -6.636296 
1.500125 -7.337359 -1.786619 2.988542 24.266739 -4.582230 -19.696589 15.155180 0.243717 17.243850 -2.842663 21.158458 
2.750417 -8.013811 -1.061974 3.334428 23.005314 -20.908489 -12.980264 -4.298861 -3.026558 17.401606 -5.259163 20.734982 
2.205767 -6.805171 -1.013024 3.958674 9.666414 -26.793455 -4.529698 -14.777453 1.027533 16.465088 0.796512 20.954119 
0.138259 -4.545824 -0.858197 3.224086 -8.640386 -26.871847 14.008311 -19.099495 12.232650 -2.007888 13.603912 0.114385 
-1.099808 -1.378992 -0.164948 2.792995 -26.764403 -36.071047 29.574394 -27.641486 24.069500 -14.349378 24.876146 -10.527596 
0.387475 -6.066076 -0.318273 1.909493 -17.611478 -36.026647 22.484844 -22.312753 11.499633 4.226854 13.001029 6.915082 
2.245609 -10.749865 -0.732624 2.073669 -1.307644 -25.879255 5.634894 -11.615928 -3.223308 23.122712 -2.712204 23.228769 
2.360650 -9.570418 -1.329225 1.935888 13.322322 -16.628222 -12.139098 -7.862436 -3.335733 18.303274 -4.247871 16.449772 
0.602984 -6.155725 -1.728969 1.712884 20.767889 -10.821039 -22.736739 -2.273361 2.991467 14.196898 1.262171 12.822267 
-1.750058 -0.652809 -1.130639 2.064858 13.069022 2.727753 -19.519264 15.165980 17.556775 -11.984003 17.113812 -11.548312 
-1.887525 -0.390717 -1.361674 2.239589 16.873822 5.737645 -19.857048 26.131380 17.713375 -14.246978 19.164554 -12.476587 
0.384100 -5.218623 -1.550342 1.877519 29.294427 -4.023430 -19.927573 17.564805 -1.233292 9.834319 2.656629 11.709018 
2.247217 -7.613829 -1.432692 2.204738 26.155858 -12.664522 -12.368456 -2.159253 -11.041067 18.846997 -6.422196 19.502195 
2.202617 -5.352571 -0.932747 3.072553 9.146972 -15.677022 1.517211 -10.464728 -3.033842 16.260048 0.617146 18.959943 
0.536967 -3.236451 0.174413 3.507131 -12.895853 -17.297855 21.503161 -11.358120 7.746733 4.168352 10.448971 5.057052 
-1.030058 0.149666 0.790675 3.569927 -33.428253 -27.894322 36.852944 -19.504028 22.412175 -14.655428 22.693287 -12.665546 
0.014534 -3.927641 0.428934 3.482850 -25.050528 -28.544397 32.841211 -14.347445 12.878450 -3.188226 12.212446 -2.799141 
2.342175 -8.959222 -0.651801 3.766975 -7.277528 -20.501572 16.405152 -4.516311 -5.877942 33.742546 -5.758913 31.967862 
3.212684 -10.052070 -1.178319 3.224923 7.797072 -13.508922 -0.399323 0.187930 -12.717842 29.682108 -12.851146 27.873418 
2.165192 -9.426042 -1.572617 2.832697 20.046322 -9.835572 -12.851039 2.005105 -15.535367 22.545327 -15.187063 22.027333 
0.091967 -3.369722 -1.262541 3.183529 25.210289 2.070020 -18.150348 12.997080 -0.183983 -1.167670 -2.918938 1.044410 
-0.316350 -4.317002 -1.331477 3.263046 26.383014 26.951903 -17.919256 41.454147 2.344417 -8.027487 0.318387 -4.773504 
0.401467 -9.162195 -1.834079 3.558768 21.365247 47.708070 -9.553281 59.957189 -10.250717 -2.869070 -8.054654 1.897071 
0.577725 -8.942826 -2.156538 4.056740 9.731581 49.010820 2.115144 50.189272 -16.531650 -0.443945 -12.760271 2.445563 
0.518442 -8.433415 -2.248329 4.312033 3.839672 36.688161 5.859636 35.588714 -14.250400 -0.560145 -15.941729 0.095013 
0.596959 -8.256889 -1.991672 2.805260 1.920039 26.343411 1.571519 31.072964 -16.250000 -0.455103 -16.929221 2.465138 
0.623475 -7.775411 -0.565909 1.289222 3.274739 22.085961 -4.168839 31.024464 -17.846908 -1.792970 -17.040696 4.852363 
0.592642 -7.506345 1.155988 0.486010 6.453089 20.189378 -9.933039 28.136989 -19.763475 -5.196728 -16.518346 7.475243 
0.553325 -8.189703 4.081733 -1.976795 9.980614 19.686095 -15.944398 26.187105 -23.157775 -8.962395 -15.943454 9.418292 
0.515342 -10.057126 8.179827 -7.548586 11.167906 18.905136 -21.749223 25.982080 -26.108367 -12.419787 -14.280154 9.744742 
0.424325 -11.422757 11.101552 -11.212852 12.653331 19.104553 -24.223989 25.675430 -27.687892 -17.232228 -11.455929 10.359633 
0.261959 -11.482979 12.520968 -11.247118 14.989014 21.406795 -23.671123 26.659947 -26.153450 -19.566295 -6.773529 10.554890 
0.200842 -10.625931 14.027560 -10.471585 15.871747 23.211753 -24.879823 26.632322 -24.682867 -19.741137 -4.670863 9.299411 
0.261459 -9.802491 14.442177 -9.944193 16.724006 24.355753 -27.030044 26.742914 -23.877175 -18.426212 -5.900929 8.518238 
0.375025 -8.751887 13.384985 -8.784902 14.895264 22.874870 -27.737545 27.558789 -22.874675 -13.964720 -8.717454 7.731628 
0.527800 -8.996502 10.977968 -7.151952 9.776497 20.581986 -28.343709 25.325539 -22.918900 -8.690112 -13.047529 7.119904 
0.647125 -10.487351 6.695153 -4.703733 6.447514 19.107311 -24.868307 20.756622 -23.574808 -5.587537 -18.288263 7.835485 
0.667650 -9.456457 2.174277 -2.055163 6.351222 16.744311 -17.190881 18.724547 -22.510967 -3.566028 -21.126338 7.858883 
0.683817 -9.373576 0.083891 0.833774 7.420006 16.650828 -11.255189 23.872839 -21.261233 -0.262828 -20.390163 5.129954 
0.672142 -9.039061 -1.186265 1.944081 8.906181 20.866728 -9.698623 29.662230 -20.206033 1.523855 -18.821021 2.827946 
0.710467 -9.000297 -0.714356 1.863603 8.403381 24.696953 -8.766114 31.007439 -19.528233 2.684980 -20.639454 1.718521 
0.709709 -8.948146 0.601501 2.040240 9.757197 25.756411 -8.309081 30.218047 -18.220392 3.972163 -21.028346 0.277246 
0.667000 -8.431932 0.864548 2.553081 11.416831 25.454236 -9.936173 28.939622 -18.238533 5.074322 -19.855696 -2.166296 
0.628709 -8.562203 0.137738 2.910751 12.567164 25.551045 -12.722089 27.292614 -18.007875 6.768422 -19.293996 -6.558187 
0.577675 -8.809024 -1.787773 3.087133 14.464956 25.477586 -15.047456 25.939764 -17.215067 8.015697 -19.931454 -12.203196 
0.509117 -9.541595 -4.654682 2.678648 15.968656 25.919703 -15.021139 23.349855 -17.941275 10.450468 -20.043396 -17.815779 
0.454842 -10.334155 -7.968397 3.300177 16.835081 26.910111 -11.528339 21.168230 -17.652758 12.723690 -21.213438 -22.493937 
0.405150 -9.938016 -10.884533 4.999833 16.157814 27.306770 -9.135589 20.680297 -17.347358 15.831645 -22.135171 -27.075671 
0.368592 -9.223482 -12.958648 5.676161 13.474414 27.590286 -10.048756 19.572414 -16.677050 18.713174 -23.103779 -30.519912 
0.350917 -8.611851 -14.191640 5.919993 12.630397 28.240278 -10.710564 20.938472 -16.606708 21.063079 -23.067221 -31.935229 
0.370367 -8.270496 -13.857873 6.191233 12.906656 28.474678 -10.776806 22.292197 -15.892758 19.518488 -23.226263 -30.590304 
0.450125 -7.785132 -12.566198 5.802202 11.432231 28.215986 -11.009839 21.831497 -16.088167 15.045549 -22.541596 -25.546737 
0.528492 -7.308504 -10.045402 5.363845 11.656397 27.040245 -8.715239 18.713580 -16.355575 10.793783 -20.808546 -16.880354 
0.592259 -7.645930 -6.956272 4.144767 10.426997 25.903203 -9.106131 15.371855 -16.979917 7.586038 -18.845079 -7.394737 
0.628042 -7.311646 -2.384575 4.948529 8.902356 24.663786 -11.406423 14.951547 -16.969942 6.651480 -19.770704 -4.773812 
0.686584 -7.087331 -0.856012 6.050303 8.778322 25.410353 -11.570056 16.008055 -18.067775 5.767438 -21.131513 -2.640879 
0.752242 -7.138406 -1.174379 5.145338 7.577989 26.989670 -11.720806 17.580247 -19.170158 5.151205 -24.444946 -1.873629 
0.788375 -7.689264 -1.706208 4.923967 6.155614 28.827061 -10.646531 19.260347 -19.969842 5.022738 -26.802238 -3.832396 
0.815117 -8.022816 -2.709368 5.106033 5.485272 29.938428 -8.985898 20.606222 -20.690517 4.409705 -27.070354 -1.529237 
0.804300 -8.085749 -2.908355 4.864698 5.812289 30.062370 -7.502056 21.305097 -20.464633 2.775547 -25.606838 2.401863 
0.748200 -8.436229 -2.491357 4.574598 5.819614 28.942361 -8.174073 22.076264 -20.088883 0.137855 -22.576996 5.228513 
0.687817 -9.701134 -1.433644 3.432796 5.900172 27.731095 -9.098823 21.749880 -21.653108 -2.994387 -20.643921 7.020218 
0.613317 -10.254166 0.279436 1.964692 5.615856 26.068545 -9.932648 19.718480 -22.978758 -7.589428 -19.359796 8.608531 
0.531359 -10.521442 3.511686 0.986142 7.016197 24.105861 -9.015314 18.353055 -23.273658 -11.574487 -18.235888 9.905418 
0.513375 -10.798119 7.680694 -0.584195 5.293731 21.072145 -10.933164 18.566397 -24.196333 -14.929720 -18.689654 11.316978 
0.481959 -11.092421 10.640802 -1.592653 3.818581 21.108070 -13.152256 20.155522 -24.795092 -19.126245 -18.235721 12.941594 
0.405034 -11.153773 12.805460 -1.999989 3.662306 22.830636 -15.273098 19.493072 -24.698492 -22.381878 -16.986904 14.591627 
0.351734 -10.843112 13.678368 -1.932957 2.137272 23.716636 -18.188498 19.422255 -24.152175 -24.372720 -17.280596 16.377398 
0.400875 -10.519472 13.713518 -1.433542 1.314472 23.921720 -19.420223 20.584930 -24.941875 -24.010803 -18.437154 16.134585 
0.483300 -10.451801 12.343352 -0.632857 2.141947 23.169153 -18.634923 21.389047 -25.838417 -21.779978 -20.085354 15.132291 
0.551442 -10.712480 10.124421 -1.229478 -0.960019 21.683103 -17.210573 19.695914 -25.590275 -19.401512 -21.302996 13.877273 
0.585625 -10.982752 7.051003 -1.692092 -3.297411 20.189436 -14.015648 17.734839 -23.584958 -15.659970 -22.528704 12.974775 
0.638475 -10.051237 3.754268 -1.389906 -4.767111 18.204520 -10.632164 16.914630 -23.660133 -11.138353 -23.290654 11.706095 
0.732825 -9.863534 1.910300 -1.688552 -5.903886 17.038403 -7.006423 16.588680 -24.100558 -6.581203 -26.695371 10.115472 
0.800092 -9.933501 1.033623 -1.788124 -6.859978 16.491195 -3.061231 16.733014 -24.188008 -2.558287 -28.870588 6.860348 
0.830717 -9.719339 0.568105 -1.327928 -9.569453 13.311553 0.959511 14.320930 -24.028250 0.276563 -29.850488 2.595663 
0.831300 -9.332924 0.194831 -0.380626 -9.620619 4.018803 1.671544 5.456730 -24.020108 1.993480 -30.345879 -0.972287 
0.828109 -8.495246 -0.211128 0.647051 -1.659969 -10.489422 -3.538031 -9.246986 -24.323417 3.001955 -29.746904 -2.789979 
0.837350 -7.409132 -0.535165 1.019675 9.988531 -26.195839 -12.452564 -20.383928 -24.448867 3.679097 -29.225988 -4.875704 
0.849609 -7.188491 -0.618350 0.907651 21.527581 -36.966772 -20.726289 -27.001311 -24.376350 3.915947 -29.480221 -6.338254 
0.845334 -6.942483 -0.421754 0.968489 31.092422 -44.777322 -26.948951 -32.324161 -24.388867 3.894605 -29.355579 -7.480379 
0.835850 -6.616386 -0.189835 1.613951 35.817713 -47.579797 -28.522862 -37.345520 -24.755467 4.327130 -28.369629 -7.352321 
0.824525 -6.995761 0.147804 1.928635 35.507270 -48.100022 -29.821535 -41.765870 -25.287883 4.541480 -28.208379 -8.245012 
0.819742 -7.741157 0.320327 1.681171 37.381843 -47.567755 -33.507087 -41.712186 -25.306608 4.444747 -28.644846 -8.096129 
0.826450 -7.848686 0.195437 1.394134 38.209558 -46.032055 -34.724751 -40.022620 -25.004875 4.213405 -28.584863 -6.017571 
0.827075 -8.132361 -0.071898 1.065816 33.876908 -44.910697 -29.794523 -37.915286 -25.409600 4.207322 -27.415171 -4.246479 
0.830434 -8.609604 -0.139649 1.205446 25.319767 -44.654972 -22.752963 -37.228895 -25.086258 4.407405 -27.339563 -3.703162 
0.824600 -9.018961 -0.224222 1.535681 14.942497 -45.664147 -16.148131 -38.883278 -25.168967 4.681422 -27.072871 -3.352829 
0.828342 -8.908806 -0.081163 1.871644 10.150214 -46.231255 -11.809048 -37.644878 -24.785692 5.132955 -27.625546 -4.042879 
0.822342 -8.658249 0.181691 1.522378 13.675622 -47.964305 -13.716389 -37.673661 -25.346475 5.537572 -27.556313 -5.497046 
0.831809 -8.894970 -0.205889 0.901905 22.127497 -49.079180 -22.005029 -39.655411 -25.707767 5.342197 -27.755554 -6.713362 
0.819709 -9.235481 -0.836124 -1.789548 28.669427 -49.522655 -33.733457 -41.405778 -25.590367 4.683397 -27.826763 -6.998137 
0.810584 -10.315481 -1.041157 -4.223247 30.268103 -48.566239 -39.570961 -40.518861 -25.131667 3.889563 -28.206446 -5.965721 
0.792117 -11.259962 -1.016345 -4.421581 26.447692 -46.946730 -37.439289 -37.531895 -25.098558 3.645672 -27.652563 -5.943104 
0.792025 -12.249614 -1.095353 -4.718212 20.485389 -44.594947 -30.003127 -32.011445 -25.453367 3.771922 -26.919188 -5.025071 
0.790942 -12.829383 -1.321490 -4.707290 10.209439 -44.314080 -22.907401 -28.238470 -25.370800 3.882172 -26.822438 -4.268562 
0.792175 -12.592420 -1.397644 -4.898847 1.245547 -46.314947 -16.076973 -30.338803 -25.024375 4.113563 -26.986854 -3.944304 
0.798917 -12.131871 -1.331912 -5.335543 0.445989 -48.959905 -12.869664 -33.137336 -24.904525 4.139705 -27.513563 -4.155629 
0.809234 -11.694136 -1.386604 -5.443388 3.257089 -51.125472 -13.547273 -37.094111 -24.719458 4.189405 -28.111188 -5.261479 
0.815642 -10.962561 -1.415756 -5.148555 10.934531 -51.914080 -19.889423 -42.195161 -24.688158 4.256530 -28.326871 -5.332312 
0.814092 -10.514736 -1.266360 -5.187158 19.066597 -51.641472 -29.459825 -43.341461 -24.688883 4.371247 -28.242971 -6.013479 
0.813200 -10.689959 -1.180040 -5.575117 23.081264 -51.102972 -37.276550 -43.642270 -24.541458 4.168655 -28.273846 -6.018862 
0.792134 -10.969025 -1.258351 -5.701485 18.723022 -49.261705 -38.004315 -41.769511 -24.941525 4.069955 -27.160438 -5.718462 
0.783017 -11.425403 -1.229172 -5.656194 10.016872 -45.653730 -26.684874 -35.576386 -25.239075 4.012747 -26.783463 -4.320754 
0.777892 -12.685896 -0.827862 -5.522652 -1.492703 -44.008880 -11.576573 -26.687478 -25.778275 4.186547 -26.309188 -3.348229 
0.773317 -13.415286 -0.732286 -4.402630 -14.272244 -43.097705 5.644427 -27.854920 -25.749100 4.367138 -26.247229 -1.383112 
0.773459 -13.627214 -0.914797 -2.301137 -28.017244 -45.835880 20.596944 -31.285328 -26.074275 4.807955 -26.095938 -0.675404 
0.780834 -13.122322 -0.766382 -0.806533 -35.173894 -47.038064 30.679161 -31.001553 -26.598050 4.946913 -25.825638 -1.264079 
0.795867 -11.839906 -0.516824 0.941778 -32.216328 -48.382880 31.960294 -32.566828 -26.300108 5.388713 -26.353371 -2.479987 
0.815484 -10.885702 -0.155340 1.719767 -13.566811 -50.849814 19.083494 -37.367645 -26.275433 5.304013 -26.667846 -2.764954 
0.828859 -10.184461 0.095183 1.913561 18.667772 -51.045647 -3.062414 -38.907628 -27.008308 4.878047 -27.204479 -3.375512 
0.831709 -10.066261 -0.149134 2.627985 39.420057 -50.035264 -26.435523 -39.422895 -27.256383 4.294697 -28.000729 -6.045396 
0.819459 -10.475629 -0.472074 2.567646 52.732789 -48.623030 -47.441772 -39.732628 -27.186042 3.149180 -28.085879 -6.999171 
0.784550 -10.229083 -0.699463 2.263960 54.770089 -47.890339 -48.972584 -38.915303 -27.221033 2.269097 -26.568404 -6.476046 
0.760850 -10.173595 -0.797829 1.876037 33.164857 -46.313672 -32.494903 -38.354536 -26.296875 2.094480 -26.066579 -5.310621 
0.751284 -10.408790 -0.798001 1.387900 13.090331 -43.255205 -16.574839 -34.444095 -26.368400 2.384013 -25.426479 -4.054729 
0.765834 -11.096211 -0.507668 0.492588 2.764222 -41.088055 -4.430073 -31.433278 -26.603750 3.022188 -25.561471 -3.675654 
0.781150 -11.148809 -0.603447 1.213012 -9.180153 -41.163630 11.506911 -32.999703 -26.335775 3.879613 -25.638396 -2.637946 
0.797984 -10.888267 -0.579299 2.108475 -20.236761 -42.824589 20.436844 -35.779670 -25.878500 4.741072 -25.492571 -1.815637 
0.825434 -10.457251 -0.077246 1.836097 -27.526311 -46.538514 29.175111 -38.476286 -25.791333 5.724572 -25.796013 -1.839779 
0.844059 -9.753263 -0.129053 1.819751 -33.466319 -51.251697 37.648144 -43.183820 -25.760025 6.257605 -25.860979 -1.015321 
0.860884 -8.881749 -0.230041 2.413847 -39.338503 -55.991264 44.098102 -50.400780 -24.971308 6.471222 -25.363404 -0.969129 
0.866917 -8.547875 -0.279190 3.230000 -36.399619 -54.597822 38.595986 -48.475792 -24.198983 6.625005 -25.618154 -1.530754 
0.854367 -9.396566 -0.581582 2.829531 -24.835569 -50.245930 22.332752 -41.687611 -24.726958 6.315305 -25.987479 -1.562596 
0.818400 -11.041097 -0.916177 2.477048 -6.361578 -44.671430 2.750202 -34.001636 -24.949683 4.771230 -25.778179 -1.563421 
0.790275 -12.012538 -0.642939 2.695092 15.048222 -40.762972 -19.124533 -31.503520 -25.448492 3.353738 -26.450371 -3.544279 
0.777784 -10.804851 -0.544488 2.791831 35.463969 -39.295880 -39.084421 -32.707228 -25.410217 2.190255 -27.097921 -5.374579 
0.784650 -8.371166 -0.577375 2.378214 55.118381 -40.508697 -54.988123 -36.556453 -24.779508 1.653588 -27.473488 -6.022396 
0.789467 -7.960727 -0.664013 2.785038 60.936897 -44.955147 -61.996731 -41.392320 -25.553867 1.560613 -26.952504 -7.148346 
0.793450 -8.358681 -0.308618 2.172562 54.217197 -48.122205 -52.321256 -43.602153 -25.617642 1.628197 -27.217313 -6.238254 
0.797584 -8.341761 0.135635 1.566220 40.130604 -50.431297 -38.380435 -46.341828 -26.103633 2.453463 -27.606479 -4.880537 
0.805925 -9.316666 -0.003884 1.859337 15.819357 -52.615630 -18.106403 -50.976497 -26.352467 3.452788 -27.460946 -3.442529 
0.810134 -10.383394 -0.438093 1.933607 -18.649594 -53.507789 23.456827 -55.134887 -26.297642 4.661880 -26.677079 -1.857971 
0.808917 -10.957886 -0.641104 1.926646 -35.807561 -51.710855 40.335769 -52.721934 -25.752533 5.578738 -25.357204 -1.216971 
0.799142 -11.122556 -0.468357 1.797682 -33.153378 -46.128080 32.694444 -45.615761 -24.668658 6.017963 -24.683071 -1.306754 
0.778742 -12.150191 -0.517858 2.018116 -23.768444 -40.605539 16.030169 -33.728695 -24.863717 5.426455 -24.805079 -1.803654 
0.768842 -12.795052 -0.450942 2.014463 -10.650786 -32.082622 1.860669 -21.832070 -25.336267 4.722372 -25.676963 -2.088821 
0.752650 -13.003186 -0.687792 2.213390 5.240014 -22.154814 -16.736798 -20.923495 -25.202358 3.460797 -26.316779 -1.808037 
0.736492 -11.667585 -1.230276 3.126821 19.023056 -17.023080 -26.354212 -24.888411 -23.927125 2.878372 -25.639621 -0.715562 
0.725875 -10.041451 -1.727930 4.106288 26.791072 -23.991980 -31.699994 -29.346645 -23.391783 2.495538 -23.379021 0.547254 
0.695567 -8.231080 -1.149364 4.137994 25.745556 -40.300705 -32.744026 -38.216520 -21.021217 0.991247 -19.722771 0.676163 
0.688809 -5.582296 -0.654762 3.454421 22.441122 -47.138305 -31.312610 -43.047270 -19.556708 1.332930 -18.554871 3.325063 
0.727567 -4.689751 0.103108 3.819133 22.430856 -46.288797 -29.129607 -41.428070 -22.802642 -0.802853 -17.150063 4.858371 
0.736209 -1.827084 1.306179 3.295610 21.794022 -45.659197 -27.668113 -41.051145 -22.843533 -3.834870 -15.889196 7.677789 
0.726342 1.780958 2.396790 1.748884 23.723681 -44.598214 -27.629628 -41.817170 -24.006217 -5.920445 -15.518996 10.741924 
0.697450 4.349708 3.745998 0.054788 25.148840 -43.914864 -28.134523 -43.053236 -29.057358 -8.599687 -15.478354 13.278281 
0.598525 7.444391 5.212731 -2.198589 23.612747 -43.935489 -26.668757 -44.900328 -32.159925 -16.572912 -15.408354 15.733296 
0.405700 11.048733 6.022227 -4.672198 20.012272 -45.321947 -23.405804 -44.734811 -31.202400 -27.701145 -15.968071 18.701003 
0.186400 15.121191 7.550319 -5.918262 14.313664 -47.254864 -26.718046 -45.086286 -26.836217 -31.115603 -16.242488 21.182079 
-0.035758 18.499916 8.598963 -6.534862 8.618131 -48.663222 -40.528363 -46.697070 -23.585025 -32.224120 -15.492346 22.556970 
-0.241258 21.190458 9.038333 -6.991253 2.693522 -50.476914 -52.404831 -47.524878 -23.443108 -39.116670 -15.630521 23.799403 
-0.334791 23.578183 9.402393 -6.643658 2.083647 -50.805222 -56.444289 -47.479103 -23.558242 -41.129187 -14.461346 23.517973 
-0.357241 23.552058 9.346260 -7.097442 -2.244436 -51.327955 -60.949414 -47.459211 -22.734983 -38.276962 -12.942321 22.668362 
-0.167066 21.260774 8.814691 -6.497600 -13.104361 -53.027864 -55.757298 -47.673686 -23.922883 -39.591970 -14.554738 21.983923 
0.087142 17.714116 8.089126 -5.361861 -9.854853 -52.078822 -47.173695 -47.560003 -24.822117 -34.655495 -13.387379 20.163210 
0.307084 13.352033 7.732713 -4.136737 -6.848303 -51.352589 -32.306295 -46.599203 -23.355058 -24.112162 -11.393604 17.503867 
0.496000 7.215208 6.957474 -4.085388 -6.773078 -50.993947 -22.840597 -45.767261 -23.191867 -20.740570 -10.203213 14.216157 
0.566292 1.074591 6.259003 -4.001875 -5.938261 -50.629730 -17.134364 -46.311695 -25.093508 -16.875895 -10.783829 11.575687 
0.582600 -3.660563 5.488158 -3.479361 -4.124428 -49.430064 -13.697114 -46.611045 -29.518300 -11.212962 -12.378554 9.251403 
0.654725 -8.416420 5.353308 -2.766597 -1.892878 -48.513189 -13.651081 -47.264311 -33.197533 -4.179228 -15.767404 6.160823 
0.665509 -11.104177 4.752470 -2.515937 0.010981 -47.933005 -15.520339 -48.450161 -32.224350 -0.641553 -18.316688 3.317879 
0.636792 -11.035342 3.323233 -2.351811 9.009231 -46.295980 -12.623731 -48.842278 -27.790358 0.059713 -19.130838 2.500171 
0.663817 -9.902256 1.372473 -1.751572 20.210213 -45.346664 -9.207414 -48.883311 -25.469875 1.349313 -19.674729 1.799521 
0.714859 -7.340532 -0.459174 -0.871043 25.972606 -46.305655 -10.416473 -49.213311 -22.806733 4.280772 -21.430954 -0.409354 
0.723209 -3.378092 -1.793650 0.464087 24.595814 -47.080180 -15.124323 -49.682161 -20.625817 8.866497 -23.724246 -12.642029 
0.701759 0.594249 -3.209563 1.689214 29.433192 -48.212414 -14.470914 -47.288678 -20.531600 12.528019 -24.271454 -20.179937 
0.687984 4.484191 -5.133355 1.783554 42.077184 -48.026964 -10.393114 -47.114461 -21.312625 14.291906 -23.462088 -16.962621 
0.629567 7.176741 -6.244418 1.162095 59.969064 -49.040880 -0.396156 -49.902740 -21.608133 16.578443 -22.302929 -24.663537 
0.556900 10.049191 -7.022143 2.339119 76.135722 -49.153155 11.552552 -50.944283 -22.142883 18.861584 -21.073696 -30.743537 
0.464442 13.448949 -7.805695 4.149637 85.956764 -48.992155 25.310011 -52.559118 -22.337142 20.626923 -20.185846 -37.252329 
0.367575 15.599691 -7.675960 5.949127 102.917414 -48.600772 38.983802 -54.599031 -22.302975 21.679202 -21.438888 -50.937137 
0.276475 17.053283 -7.503470 6.179132 113.038456 -47.239364 50.655811 -57.526373 -21.524042 21.718976 -22.212188 -52.177546 
0.226300 17.895516 -7.808153 6.116673 111.970606 -46.895655 58.845011 -59.970234 -20.742150 21.122376 -22.023454 -51.457204 
0.202892 18.147724 -7.945254 7.033881 113.594864 -46.779489 62.826944 -61.125244 -20.417258 21.343093 -22.139179 -51.078554 
0.193817 16.899433 -7.938117 6.785102 108.415072 -47.258539 62.621286 -60.932550 -19.547792 21.087898 -22.746404 -50.159362 
0.251442 14.886566 -8.099755 6.426483 90.657214 -48.660272 58.467561 -59.423212 -18.652100 20.609949 -22.942663 -49.037096 
0.335342 11.394141 -7.445367 3.153715 69.138981 -48.985980 48.639019 -58.258662 -15.815658 18.321682 -23.159054 -45.095304 
0.429942 7.438774 -7.180609 2.160911 40.597465 -49.523905 36.322427 -55.863826 -11.465158 13.860503 -23.900763 -22.105462 
0.521234 3.638091 -6.373067 1.947407 28.957719 -49.954305 22.050652 -52.073046 -9.592283 9.244163 -23.191363 -0.704521 
0.532175 -0.204951 -4.941808 2.365103 26.840159 -49.926414 5.678311 -46.318545 -10.346983 6.221888 -23.174188 4.329054 
0.581409 -3.168092 -3.728687 2.901917 26.020374 -49.095355 -9.352939 -40.229903 -13.136225 4.267705 -23.913729 5.129296 
0.638784 -6.016519 -3.158040 2.083330 30.513420 -47.997130 -22.472039 -38.855336 -16.793467 2.674422 -24.580179 5.661204 
0.630884 -7.609810 -2.335333 1.006087 34.794184 -47.310605 -28.169978 -38.568386 -20.211767 1.800122 -23.192746 4.882463 
0.640750 -6.963096 -1.237561 0.651550 34.566691 -45.793030 -29.396929 -38.504136 -22.428842 2.016547 -21.793646 4.879896 
0.667950 -6.062668 -0.931440 1.136660 30.862387 -43.189514 -27.831939 -38.971953 -25.137192 0.353672 -20.588904 6.063554 
0.657934 -2.749817 -0.747087 1.111933 26.622434 -41.556514 -23.908469 -42.014495 -26.730525 -2.393987 -18.136813 8.549413 
0.668959 1.556574 0.464159 0.680388 20.758022 -42.061880 -19.416723 -43.512103 -26.964733 -3.756578 -17.075138 11.390998 
0.660592 6.693966 1.934118 -0.060030 13.315589 -44.531614 -16.038998 -44.602145 -27.490350 -7.353645 -17.056163 14.483270 
0.596909 10.543783 4.007340 -1.785522 7.886539 -45.744380 -16.187573 -45.268403 -27.048933 -14.730195 -18.594904 17.545431 
0.485500 14.415241 5.797175 -4.279892 -2.117378 -47.368739 -25.966611 -45.938120 -24.044042 -22.887262 -20.751563 20.245215 
0.334384 18.252033 6.585475 -5.807456 -13.905669 -49.349647 -33.557879 -45.330945 -22.378642 -29.737928 -20.692021 21.614202 
0.210609 21.171224 7.625830 -6.095489 -24.615328 -50.244522 -48.318269 -47.325761 -20.266683 -32.271862 -21.471213 22.633650 
0.132934 23.164249 7.350236 -6.339727 -33.526486 -51.780530 -62.140598 -47.882286 -20.033508 -34.891287 -21.324696 22.526854 
0.152934 23.609041 7.253693 -6.451827 -31.583094 -51.413205 -56.287756 -47.036103 -20.588425 -36.456570 -21.762371 22.383653 
0.231850 22.676874 6.867465 -6.380451 -27.423719 -52.152497 -46.347305 -46.486628 -20.701042 -32.441245 -20.740021 21.410391 
0.265817 20.340249 6.168854 -6.261565 -21.440936 -52.713814 -42.894831 -46.446236 -19.824883 -22.863378 -16.174421 18.685341 
0.320675 16.514333 5.225324 -6.584262 -15.990828 -52.193822 -34.204226 -45.794103 -18.139625 -9.557662 -10.617513 14.430250 
0.457325 12.006758 3.621913 -7.633296 -15.009511 -51.768197 -24.320250 -45.011586 -18.452700 -2.499420 -9.810638 11.252302 
0.618409 5.398191 2.098524 -8.455152 -12.821636 -51.054247 -14.749298 -43.713661 -21.180208 0.251005 -13.108888 9.473190 
0.717050 -0.384417 1.206517 -8.912635 -11.529519 -50.126830 -7.281964 -42.962436 -25.029833 2.225013 -17.328838 7.431312 
0.774867 -4.555760 0.460510 -10.075752 -9.080769 -47.903139 -2.516456 -42.094195 -26.642150 5.058188 -21.489704 4.525888 
0.773442 -6.648993 -0.461369 -10.606568 -6.250744 -44.515164 2.843302 -40.467320 -26.234467 6.257647 -24.117088 1.772579 
0.755150 -7.627841 -1.284652 -10.359518 -2.660186 -40.541864 6.881911 -37.645670 -24.957292 6.407530 -24.587004 0.583246 
0.744592 -8.052126 -1.691982 -9.486635 -2.695319 -42.966539 6.516869 -37.136670 -24.857767 7.191305 -24.774579 -0.915937 
0.733742 -8.128582 -1.806017 -8.801343 -3.174503 -46.556247 5.803627 -36.726528 -24.974258 7.840088 -24.776371 -2.366646 
0.729534 -8.146453 -2.040162 -8.315102 -3.289278 -47.886405 7.576919 -33.757561 -24.703900 8.037413 -24.972954 -2.745321 
0.731409 -7.881665 -2.302966 -8.286860 -3.546061 -48.041014 11.279536 -27.277261 -23.844717 7.772505 -25.266946 -2.072829 
0.726942 -7.916361 -2.438487 -8.807618 -4.869353 -47.017772 15.058327 -19.750103 -24.239842 7.350330 -25.344813 -1.570604 
0.716509 -7.844811 -2.425336 -8.865727 -7.772178 -46.268622 18.069769 -14.285428 -22.849550 5.760488 -25.264346 -1.038304 
0.641950 -7.417189 -1.969232 -8.129610 -11.343503 -44.424097 19.191777 -12.705636 -17.524942 0.940847 -24.220921 -1.576104 
0.624600 -6.729572 -2.259708 -6.995266 -15.696844 -40.677030 18.195161 -11.742270 -15.480842 1.923447 -20.905604 1.084846 
0.737267 -5.218066 -1.876879 -5.837047 -19.413294 -36.812105 18.527936 -8.883761 -17.148375 3.130747 -10.148546 3.545629 
0.690267 -4.485642 -0.596972 -4.115283 -22.372144 -27.938472 18.823886 -2.800336 -16.037617 1.840263 -0.533121 2.375104 
0.579367 -4.760201 0.419727 -2.812928 -22.733628 -10.215230 18.010752 4.037114 -14.600542 0.345597 0.588929 -0.600396 
0.550092 -5.848214 0.898073 -2.943569 -22.264211 11.573353 17.585227 12.954614 -13.220717 -0.181312 0.292429 -0.947762 
0.596317 -6.979161 2.371409 -3.910454 -19.133586 26.546628 16.622286 35.176489 -7.837483 3.539355 -0.313588 -1.271121 
0.809350 -7.049336 2.006901 -6.614848 -15.428836 34.876270 15.248127 55.742439 -1.697908 11.346568 -3.796746 2.529738 
1.009409 -7.736805 1.207151 -8.707527 -17.213969 42.374403 20.529594 67.624022 3.095583 20.378112 -6.561954 4.402221 
1.024417 -6.528198 0.565088 -8.298192 -22.094636 42.128153 29.016627 73.299272 15.150125 30.660358 -6.755421 2.901788 
0.832650 -0.597317 -1.160351 -6.042977 -23.798644 35.244753 36.780427 75.234022 42.576508 25.457278 -4.938404 3.021146 
0.817634 5.032133 -3.945142 -3.467005 -23.031494 27.210620 43.113002 76.320272 67.624825 22.737358 -6.129696 5.067879 
0.978175 8.694374 -6.569997 -1.976886 -21.956086 17.307961 47.010827 78.265939 81.091908 21.826611 -11.658104 8.504019 
1.018700 9.870583 -8.462069 -1.403336 -19.770844 7.277578 49.793861 80.629022 85.276908 20.793918 -14.970771 10.191464 
0.975534 9.212449 -8.606342 -0.701831 -15.133719 0.214353 50.586811 81.272105 82.594075 20.340568 -15.498888 9.666576 
0.951575 7.140924 -7.511828 -0.022189 -10.265694 -2.219539 48.057202 80.470439 75.200658 19.911140 -14.254579 7.762702 
0.949684 3.645524 -6.271424 0.325968 -8.778936 0.026261 42.157352 80.245189 60.185833 20.814341 -13.164496 5.485513 
0.948034 -0.207909 -5.033197 0.711501 -8.124694 8.057895 34.121919 79.399355 35.557992 21.654215 -12.686588 2.897279 
0.914725 -3.868417 -3.652292 0.757494 -5.188294 21.166845 21.840252 74.038272 9.824083 12.199469 -11.797504 0.498479 
0.855650 -6.279590 -2.299815 0.973481 -2.806811 32.617378 12.194186 61.127855 -2.151408 1.312380 -10.380771 -0.350854 
0.826734 -7.110726 -1.542977 1.298232 -6.676128 38.295403 10.649711 43.685222 -3.712200 -1.554045 -7.052438 2.516179 
0.832550 -6.335219 -0.274831 1.160418 -16.541561 42.596070 10.199352 24.503622 -5.217267 -2.352295 7.289571 14.546190 
0.901042 -3.771292 1.642479 0.994452 -32.283228 48.098236 7.703177 7.897030 -7.980317 -1.137062 28.079796 31.959839 
1.026867 -0.248551 4.153244 0.254039 -44.503203 55.660736 4.259452 -6.125253 -9.376083 1.199272 51.206904 26.897322 
1.164534 3.662566 6.695448 -0.651126 -51.858111 62.622820 -2.922414 -18.476370 -11.923842 3.696863 68.566371 26.603395 
1.275434 7.554283 9.037089 -1.624887 -54.769444 67.607236 -12.390073 -25.883503 -13.965567 6.157030 76.032871 26.819224 
1.352617 9.930616 10.561118 -2.210786 -52.817144 68.907903 -19.096198 -27.719570 -15.148792 7.810447 77.546787 25.792813 
1.361917 9.173399 10.382660 -1.984535 -51.605411 67.166736 -20.594431 -27.805495 -15.623892 8.746922 76.308287 24.865403 
1.297800 6.414808 8.751963 -2.749016 -50.855678 65.271736 -16.402539 -24.126903 -15.649108 8.366813 72.113871 22.397241 
1.271142 2.119241 7.052786 -3.107792 -47.649669 64.324653 -9.737848 -8.319161 -15.324675 6.433247 61.871154 19.539006 
1.233867 -2.726667 5.709961 -2.768877 -40.643178 63.944903 -3.943189 11.787730 -16.714125 4.109630 43.343979 17.912597 
1.193934 -8.303575 3.730858 -1.576040 -29.986561 63.186070 2.358511 25.172022 -18.365158 1.531605 18.153354 14.678403 
1.136459 -12.164416 1.439018 -0.838104 -20.298736 62.826236 10.737061 39.133639 -18.205458 -0.968745 -1.633429 8.309101 
1.018842 -12.385256 -1.010355 0.514590 -15.772744 57.675236 27.026952 51.319689 -14.523575 -2.561395 -8.647546 -0.341862 
0.746034 -8.641421 -2.001605 1.580912 -13.726594 50.044486 38.223069 59.201189 -0.279650 -0.211645 -5.876829 -1.720404 
0.430584 -3.696491 -2.460354 1.981467 -11.729961 41.866903 39.458836 62.733022 21.536533 9.862443 -3.069296 -2.817879 
0.386850 -0.064976 -4.092689 1.479070 -6.388894 29.666053 43.503069 63.900105 39.667642 10.980404 -1.328438 -1.366746 
0.553800 3.759008 -5.001712 1.521908 -2.793219 17.967136 49.626202 66.244772 56.463900 10.366105 -4.993821 1.511204 
0.742367 6.096033 -6.251657 1.546541 -4.655536 11.521761 55.220719 70.800855 69.338242 9.474247 -8.913263 4.041921 
0.876134 7.004508 -6.876500 1.778664 -5.968519 8.965970 59.034027 74.643522 75.581825 9.638280 -12.055013 6.013371 
0.948809 6.847408 -7.170437 2.055914 -3.679911 7.508378 59.582686 74.394355 75.577408 10.528095 -14.466904 6.645396 
0.990350 4.949683 -6.820417 1.764056 1.772122 7.387036 54.959819 72.804855 71.298242 11.144004 -15.509071 5.393979 
1.060859 1.682699 -6.248582 1.239056 6.166814 8.521270 42.657011 71.464689 63.708158 10.934572 -16.707013 3.943063 
1.120667 -0.842409 -5.311809 1.218311 10.707564 11.121720 27.893377 68.577189 51.988842 11.288030 -17.421279 2.010646 
1.122392 -3.734100 -3.908515 2.126843 13.521747 15.749620 17.643344 61.235939 34.472100 11.185617 -16.908254 -1.888512 
1.078750 -7.299738 -2.495874 2.569466 12.352406 21.548595 14.578277 44.999272 12.265333 7.330463 -16.320638 -5.960462 
1.067575 -9.598271 -1.205482 2.133110 5.653106 26.521845 11.517561 21.799305 -6.337467 4.285813 -16.192988 -6.107187 
0.968809 -9.663307 0.009787 1.098312 -10.448861 31.895536 5.204727 -0.043061 -12.287908 1.705538 -9.689404 -4.482312 
0.859492 -6.826486 0.716683 -0.663008 -29.848603 39.698153 1.697202 -19.503136 -10.974308 2.991355 11.432171 8.834229 
0.832550 -3.535484 1.480767 -2.191811 -40.766436 48.844903 2.286327 -28.526861 -9.322000 3.885405 34.041246 17.676059 
0.865300 -0.334376 2.821293 -2.752603 -46.984478 57.728903 5.943936 -26.779970 -8.594300 4.741838 52.942862 11.348658 
0.968084 3.539608 5.213591 -1.934520 -53.202619 65.752653 3.996627 -28.434070 -10.625200 6.854455 67.967537 10.089550 
1.075542 7.526433 7.423963 -0.431098 -58.012328 69.702653 -4.244956 -30.959528 -12.030100 7.822713 77.197954 10.310973 
1.118592 11.935333 8.995577 0.035555 -57.475669 71.075486 -11.114631 -32.989645 -11.940625 8.322563 80.082454 9.539808 
1.089367 13.255449 8.632256 -0.008329 -58.683161 70.859653 -14.260723 -33.672111 -10.728317 8.385663 78.579204 8.050663 
1.126617 10.031141 7.416008 -0.248615 -58.117528 70.736986 -9.419989 -29.943936 -11.098375 8.538963 75.328704 8.574697 
1.097584 5.842866 6.069423 -0.637352 -52.144469 69.312153 -5.023848 -16.196870 -11.947258 7.553547 69.556287 8.975660 
1.077534 -0.316384 5.057638 -0.562630 -42.851978 67.285653 -7.997198 3.837864 -12.339642 5.185997 50.707987 11.588838 
1.103192 -6.468951 2.807829 -0.708102 -30.806169 65.728570 -7.319406 21.123447 -15.754442 3.063430 19.132221 10.779113 
1.105717 -10.564057 0.716675 -0.675212 -15.343278 63.592570 2.752669 29.836322 -17.956242 -0.071470 -6.949654 2.271067 
1.067075 -10.041171 -0.869904 -0.406362 2.162722 62.034153 19.425544 36.727089 -13.443208 -0.926128 -14.186604 -1.952821 
0.943300 -6.714600 -2.585052 0.191242 6.290139 54.900653 36.581111 46.952022 2.885108 5.755217 -9.813029 -0.269937 
0.751934 -0.353409 -2.716307 1.216401 6.293847 39.687070 43.160819 54.259772 29.163900 15.102513 -6.978579 -0.022704 
0.752084 6.265708 -3.433172 0.984985 9.650006 23.350978 45.631111 60.256855 50.232858 14.120088 -6.209346 0.709646 
0.923500 10.064916 -5.705437 1.497566 13.567114 7.913095 50.960277 69.274855 62.812825 14.463913 -8.495571 3.904129 
1.129267 12.051208 -7.618356 2.459057 11.880181 -0.104047 55.603544 74.586272 68.426075 16.027069 -13.264846 6.870618 
1.160950 13.231341 -8.667421 2.316651 9.052847 -1.066005 59.571302 76.637522 72.617242 15.973481 -15.055329 8.049650 
1.132284 13.695291 -8.790230 2.343711 9.173797 0.421386 60.246677 78.179522 76.631242 15.754963 -15.949871 8.507533 
1.158375 13.497549 -8.799096 2.279057 8.918322 0.721070 59.882986 79.311355 79.415325 15.483609 -17.773838 9.297312 
1.201042 13.122641 -8.718073 2.147958 7.396306 0.397503 60.715011 80.114272 80.803908 15.712225 -19.036304 9.264203 
1.241159 11.048791 -8.400573 2.128938 7.701714 1.091261 60.145027 80.965939 80.436075 15.232268 -20.003313 8.359458 
1.294367 7.105824 -8.057223 2.412643 11.168031 2.129120 51.903961 78.836105 75.824908 13.983905 -21.413563 6.842523 
1.268992 2.490074 -7.561877 1.609964 16.615131 4.157553 38.018186 73.416105 62.087125 12.045524 -20.392504 3.723879 
1.174825 -2.336526 -6.858442 0.370449 22.381872 7.914253 20.886977 66.334355 37.408850 10.451555 -17.086463 0.856246 
1.144525 -7.065127 -5.009269 -0.248585 23.335847 13.201786 2.525227 62.013022 9.629900 6.127822 -16.185971 -3.447929 
1.144567 -10.025371 -2.693378 0.016173 19.504722 19.445711 -8.777273 55.331605 -9.087275 6.367522 -17.460054 -9.776662 
1.079825 -11.244614 -0.412375 -0.496427 14.339264 26.040036 -11.720731 38.724089 -15.689058 4.004905 -15.549796 -9.223487 
0.940792 -9.436042 1.038535 -1.758268 0.180964 30.853195 -13.252231 14.630964 -16.764708 2.705063 -0.374504 -1.160137 
0.912217 -7.002445 0.935807 -2.686922 -19.325936 36.964736 -10.420881 -6.012136 -17.195550 3.992205 24.803379 14.885908 
1.043475 -4.637526 2.312537 -4.093362 -36.351778 46.792986 -9.529048 -19.188320 -18.003383 5.317988 48.465471 11.276188 
1.154067 -1.224642 4.887883 -5.299517 -50.258369 55.688070 -17.886294 -30.363353 -18.337775 6.664263 67.611954 9.953201 
1.172784 2.933058 7.315286 -5.646754 -56.491186 61.103236 -33.115389 -36.317353 -17.597517 7.456563 78.132287 9.734910 
1.219050 6.732016 9.021629 -4.923842 -57.335178 65.381570 -35.822932 -34.218920 -16.817242 7.856547 80.764121 9.160529 
1.268475 7.470674 9.277375 -4.085092 -55.386661 67.684486 -28.358143 -29.214570 -16.854592 8.044088 80.549204 7.547330 
1.262175 4.713974 8.219656 -3.544013 -52.876544 66.737903 -20.487473 -23.820528 -15.921008 7.259363 77.824621 8.069680 
1.190575 2.108883 6.464313 -3.149669 -48.550011 65.648903 -11.125598 -13.933811 -13.919200 5.448955 68.751787 8.619623 
1.064284 -1.030017 4.926584 -2.221567 -41.183769 65.877653 -2.881956 -1.465628 -12.627125 3.555005 47.354029 11.182891 
1.039459 -5.300796 3.257381 -1.185434 -30.816003 66.197653 4.950502 9.565764 -12.947042 1.358480 14.612262 9.236100 
1.045359 -8.211566 1.852374 -0.240984 -21.040611 64.026320 13.072361 16.749772 -13.571650 -0.506420 -10.484471 0.835046 
0.989534 -7.639416 0.829463 0.247623 -17.006903 58.789403 18.601644 19.802347 -10.201417 -2.323620 -13.777054 -1.228471 
0.764342 -3.600136 1.347884 0.794413 -17.691911 53.464820 19.158044 22.196414 -2.088392 -2.854412 -7.343313 -0.728096 
0.264309 1.951108 2.050278 1.809492 -19.071803 50.624320 16.964677 26.894505 9.304717 -5.688670 3.547246 -3.121121 
-0.456333 6.890374 1.338338 1.985546 -19.010278 50.319736 15.578652 28.949347 16.289525 -4.867762 16.853021 -6.416537 
-1.380658 12.652841 0.591777 1.553409 -19.125886 49.552570 14.547652 28.195864 28.334900 -6.916778 28.990979 -9.309512 
-2.358525 16.962808 0.502428 1.478784 -19.047819 47.247153 14.638327 25.850472 39.409525 -9.279728 39.679579 -12.162487 
-3.257708 20.654666 0.486721 1.608979 -18.762344 44.738653 14.441794 22.737255 48.574342 -11.271078 48.703754 -14.597504 
-4.157100 23.163808 0.291274 1.452648 -17.879211 41.522236 13.768219 19.587205 57.096892 -12.863178 57.490646 -16.673971 
-5.074591 25.248433 0.394149 1.413903 -17.116736 37.677986 12.733677 17.785705 65.490158 -13.876395 65.769454 -18.472279 
-5.998308 26.824983 0.242459 1.220363 -16.836844 32.796478 11.696294 16.284355 72.749325 -13.979378 74.117537 -19.544512 
-6.811933 31.047433 0.697315 1.352768 -15.730611 27.261345 10.947052 14.312155 79.441242 -14.471537 80.204954 -21.397979 
-7.565789 35.358824 0.639722 1.573188 -15.143669 21.908728 9.297511 11.045214 84.921075 -14.041070 85.937537 -20.530779 
-8.243121 37.870516 0.493938 1.703725 -15.314086 16.969911 8.058177 7.923189 89.817742 -14.002587 91.012454 -20.012704 
-8.752242 39.022374 0.543290 1.774329 -15.640178 13.698003 7.610294 4.860214 93.421908 -13.523287 94.649787 -19.572604 
-9.188911 39.596724 0.584274 1.980284 -15.656228 12.570228 7.217436 3.035872 96.240242 -12.805262 97.882371 -19.300746 
-9.549921 39.885358 0.707449 1.905781 -13.744253 13.213903 6.464194 2.312672 98.476325 -12.324395 100.561537 -19.278304 
-9.585729 40.033549 0.848243 1.806467 -12.458953 14.971753 6.423961 2.492264 98.904325 -12.861170 100.438871 -20.209004 
-9.102364 38.308108 0.804699 1.796273 -12.788844 17.257170 7.606552 4.252022 95.739325 -13.451362 96.759537 -21.365937 
-8.251923 33.741533 0.293540 2.090575 -12.999769 19.974953 8.708911 8.300072 89.762492 -13.666112 90.876371 -21.113829 
-7.217751 28.976258 -0.185303 2.012644 -12.727186 23.102803 9.729361 13.597930 82.302408 -14.326345 83.271537 -20.659229 
-6.184450 25.611533 -0.396966 1.812138 -12.343619 27.030695 11.129736 19.349339 74.812492 -15.649645 75.068704 -20.374562 
-5.083641 22.330674 -0.371646 1.645382 -11.210344 30.663095 11.636752 25.099030 65.968242 -15.914703 65.859704 -19.196329 
-3.915100 17.506524 -0.086589 1.424462 -10.006653 33.483011 11.037369 30.015997 55.594858 -15.294220 55.473071 -17.396496 
-2.666583 12.476758 0.017526 1.096003 -8.937461 34.798903 10.863786 32.453497 43.358392 -13.725453 43.213104 -14.397704 
-1.434775 9.314483 -0.022351 1.161714 -8.448044 36.489986 10.202169 34.317397 29.441650 -10.988037 29.489512 -11.108329 
-0.397083 5.365524 0.181973 1.243682 -8.673944 39.038986 9.037969 35.343747 15.587483 -7.139353 15.596737 -7.379696 
0.456500 0.157083 0.135708 1.323650 -8.784536 41.471986 9.016452 35.580772 1.325683 -3.316137 1.523787 -3.083946 
0.978417 -5.289878 -0.275431 1.318731 -8.261319 43.680320 9.426644 36.753197 -10.749408 -1.699020 -9.767371 -1.287312 
1.103550 -7.170437 -0.385412 1.236003 -6.540994 46.845486 9.314902 37.956997 -15.404208 -1.978612 -14.031513 -1.646829 
1.122925 -7.239100 -0.420827 1.170008 -5.985694 48.699820 9.176094 37.519972 -15.819392 -1.704945 -14.457888 -1.157471 
1.108209 -6.336341 -0.284653 1.141158 -6.761803 49.004986 9.077569 37.663614 -14.991308 -1.123312 -13.465879 -1.035471 
1.027634 -4.874903 -0.134922 1.008460 -8.024778 48.721820 8.827177 38.142414 -10.789025 -0.573137 -11.114613 -0.654329 
0.757117 -2.480859 -0.054864 0.922197 -8.302303 48.597820 10.170819 37.632647 -3.419417 -1.685178 -4.158204 -0.668254 
0.197909 1.247516 0.030749 1.083595 -9.429011 48.208403 10.805452 37.634747 7.384917 -3.857987 6.685087 -2.724604 
-0.470241 4.347833 0.067919 0.917256 -14.213811 46.897403 11.830819 36.223147 17.873058 -6.059920 16.727646 -5.503537 
-1.176341 7.448466 0.278587 1.182507 -18.359369 44.800486 15.353444 33.765805 27.021842 -8.267762 26.014287 -8.725487 
-1.951783 9.718808 0.382034 1.227838 -20.731803 42.322820 16.127769 32.289447 36.495017 -10.586287 34.715879 -11.257362 
-2.738025 11.862816 -0.097840 1.187821 -21.738544 39.549820 16.959744 29.443847 45.040908 -12.433937 42.889079 -13.044054 
-3.592958 13.816466 -0.582426 1.155035 -22.153303 37.022570 16.660177 27.426380 53.476033 -14.234703 51.303896 -14.738871 
-4.466558 17.226416 -0.620658 1.308385 -22.779686 35.761986 15.639919 26.276089 61.497992 -15.037978 59.183971 -16.330746 
-5.321108 19.851391 -1.063336 1.600141 -24.280478 35.949986 15.203577 23.933022 68.769658 -15.400503 66.772704 -17.505704 
-6.184433 21.838649 -1.178664 1.352920 -24.336528 35.549236 15.270344 20.381105 75.778575 -16.056653 73.993037 -17.945779 
-7.072958 24.230566 -1.412894 1.345497 -23.664553 32.831011 14.546586 19.111572 82.417408 -15.632603 80.908954 -17.395196 
-8.052320 27.699991 -1.567169 1.509301 -22.517753 31.857170 10.871161 19.810747 89.513825 -15.276178 88.294871 -16.935504 
-8.984466 31.593441 -1.745206 1.599292 -21.370778 33.124645 7.968219 21.221964 96.266825 -14.650895 95.162787 -16.760054 
-9.666106 34.892008 -1.734091 1.603207 -20.269703 34.827986 6.870994 22.151530 101.045992 -14.545445 100.061121 -15.934921 
-10.087151 36.793124 -1.706709 1.643630 -18.570344 35.903736 6.539294 21.793289 104.208742 -15.457953 102.940287 -15.403696 
-10.132800 36.422041 -1.846431 1.628299 -18.185611 37.070820 6.653661 22.326705 104.909158 -16.128762 103.170287 -15.316396 
-9.616284 33.392141 -2.059645 1.730460 -18.310044 37.403903 6.827452 22.532972 101.864658 -16.876595 99.422287 -16.368796 
-8.581215 29.945924 -2.580557 1.454706 -17.411953 38.299986 6.257711 22.755397 94.988992 -18.752970 91.646454 -16.330871 
-7.283191 27.077433 -3.082773 1.230053 -14.783119 40.478903 6.735094 22.941455 86.050908 -21.020495 81.262871 -15.513529 
-5.946425 24.348291 -3.402923 1.101067 -12.700194 42.401986 6.266069 23.565839 75.912492 -21.438378 70.371287 -14.458687 
-4.624741 21.546374 -3.075477 1.237513 -10.760553 43.256903 5.127169 23.877122 64.332908 -19.129503 59.302596 -13.787929 
-3.437883 19.528924 -3.306753 1.298400 -6.034386 44.419236 5.559452 23.802164 53.125050 -16.984195 48.134137 -11.302454 
-2.359833 16.310108 -3.375946 1.447672 -3.047261 45.339820 5.611086 24.488814 42.577817 -14.944753 36.787854 -7.791896 
-1.247316 13.515333 -3.187819 1.308349 -0.014144 44.948153 7.364286 25.219755 30.225083 -12.718478 23.634054 -3.547137 
-0.026241 9.504183 -2.625622 1.332461 0.554931 39.770986 11.024827 26.413755 13.996150 -9.781820 6.647446 2.122246 
0.910400 3.861841 -1.993664 1.394841 -3.537128 28.748728 13.908111 24.659064 -3.999183 -6.751253 -10.733071 6.045713 
1.211275 -1.989301 -1.214373 1.144140 -8.127686 18.864586 15.820769 19.563180 -14.359333 -10.547853 -20.777371 3.409429 
1.208934 -3.545917 -0.859690 1.238216 -11.176028 14.169903 17.442661 17.044589 -15.158833 -9.791295 -21.525679 2.485913 
1.205042 -4.172867 -0.805536 1.079004 -12.843961 13.139461 20.793827 16.878105 -15.201883 -9.022170 -20.869904 2.922804 
1.200417 -5.392313 -0.703821 1.361067 -13.728936 13.793878 22.780427 16.788139 -15.427008 -8.145512 -20.936846 1.450163 
1.201842 -5.582259 -0.607812 1.469378 -14.782669 14.404328 23.016969 16.547430 -15.059642 -6.318020 -20.733646 1.061079 
1.202417 -6.160671 -0.450101 1.720112 -15.727736 15.113170 23.107444 17.142322 -15.280425 -4.764728 -20.167271 -0.487837 
1.200625 -6.733398 -0.681664 2.008673 -15.970244 15.406903 24.241052 17.054055 -15.245225 -4.871595 -20.179396 -0.659387 
1.191500 -7.062026 -0.714710 1.877357 -16.371686 14.456286 26.396452 15.734280 -15.973117 -6.356228 -19.609188 0.290263 
1.187525 -7.276951 -0.452936 1.878278 -18.057232 13.822216 26.993557 13.846601 -15.963675 -6.558207 -19.755296 0.289379 
