0.452725 -9.583588 -1.278566 -8.251015 -32.364673 -28.314563 30.164978 -27.065695 -15.141245 -2.648072 -15.039356 -5.985848 
0.446133 -9.488355 -1.131949 -5.739357 -32.114773 -27.982863 30.599553 -26.675453 -14.987978 -2.915772 -15.157923 -6.069006 
0.416158 -9.135458 -1.020472 -3.935206 -31.409781 -27.754005 31.233503 -26.953145 -14.120036 -3.472239 -14.087814 -6.727256 
0.156558 -6.532364 -0.855815 -2.806921 -28.351764 -27.478172 26.454320 -31.563636 -7.944103 -5.695181 -5.198231 -10.553006 
-0.525725 -2.798477 -0.402598 -2.297742 -21.974364 -25.555872 16.067445 -32.000578 7.472980 -9.188514 10.458761 -14.987598 
-0.727608 -3.167511 -0.931738 -1.705858 -3.398714 -21.755505 -2.924405 -30.644928 9.549672 -9.851672 13.198486 -16.515739 
0.836375 -6.713137 -1.473550 -1.178472 15.983469 -13.551647 -19.339305 -25.894895 -5.740286 10.966770 -2.573373 8.692276 
2.256625 -8.444048 -1.256945 -0.452159 29.278369 -7.785472 -32.041255 -15.431370 -15.633095 18.842809 -15.818548 22.138186 
2.156317 -5.945553 -0.866716 -0.214768 35.765441 -4.533138 -39.335777 -2.221495 -17.305778 17.362639 -16.155898 19.737696 
0.409533 -2.456401 -1.094700 -0.918206 33.524002 9.283978 -34.681884 14.604039 -9.222603 11.549565 -4.695306 8.223031 
-1.253250 2.497712 -0.686843 -1.230942 32.012802 28.042162 -35.344409 31.250672 9.090947 -7.864256 9.697877 -13.936289 
-0.568792 -0.694426 -1.109570 -1.275725 30.529061 19.369962 -38.669809 16.091489 2.713872 -0.863817 1.699411 -5.474656 
1.321575 -4.806499 -1.488830 -1.589357 20.847061 2.513178 -30.638663 -0.619078 -11.565478 13.924219 -10.062656 18.984452 
1.821783 -3.892144 -1.161474 -2.364844 14.394586 -13.013297 -13.945888 -9.956645 -8.033961 15.126332 -7.459714 14.230100 
0.652033 -2.621757 -1.118233 -2.475124 -4.434789 -16.162047 8.402170 -13.345120 0.952072 8.231857 2.473194 4.643687 
-0.766767 -0.787604 -1.128400 -2.680225 -23.309089 -23.345622 24.143528 -23.008436 13.373839 -9.508881 15.507161 -14.896123 
0.035942 -2.231736 -0.859805 -2.411781 -13.807664 -23.992113 14.601770 -20.587486 5.614464 2.227095 8.218269 -2.483921 
1.738833 -5.196866 -1.200977 -2.002288 7.915302 -16.864647 -7.507122 -13.310345 -8.390503 16.420822 -7.732039 17.695128 
2.112150 -4.256493 -1.335134 -1.658175 26.375052 -7.504122 -29.746772 -6.463820 -12.218736 13.544926 -11.196173 15.100382 
0.711592 -2.332655 -1.543088 -1.384472 30.044436 4.026753 -39.889971 7.053772 -9.992653 12.260507 -6.273339 10.831642 
-1.171867 1.463308 -1.284954 -1.665647 27.374819 25.578803 -37.524365 32.294139 4.466147 -13.470006 6.857486 -14.067273 
-0.846192 0.043376 -1.595919 -1.249841 34.716382 28.323112 -37.290947 34.470339 1.288814 -10.118006 2.141802 -10.543298 
1.167025 -3.602171 -1.256580 -1.406577 27.334511 6.869670 -35.370755 10.830889 -13.631420 17.691345 -10.737006 20.125085 
2.186842 -4.804522 -0.642155 -1.790147 17.942511 -13.969497 -22.294030 -1.997778 -15.024295 17.882242 -12.538223 19.684042 
1.418058 -3.855585 -0.732123 -2.026634 6.286519 -16.212955 -2.447472 -7.528378 -7.048145 20.297487 -4.079348 13.672833 
-0.404700 -1.410602 -0.999571 -2.213914 -16.149014 -15.886797 18.102945 -14.977845 9.093922 -4.371339 15.292336 -8.268289 
-0.910650 -1.221854 -0.594735 -2.055664 -28.259564 -24.772138 24.035028 -23.234561 13.981030 -10.135414 19.595127 -14.224306 
0.940533 -3.622474 -1.033650 -1.062564 -9.675639 -18.408113 5.454395 -16.933311 -0.943128 18.075123 0.781861 14.128272 
2.350367 -5.062051 -1.323858 -0.556193 15.092036 -10.165530 -18.751580 -10.388245 -12.912636 22.406439 -8.709264 21.401444 
2.176100 -2.694419 -0.912017 -0.624102 29.121861 -8.356438 -39.385670 -6.421911 -18.736678 21.189714 -11.964214 22.680927 
0.255825 -0.781455 -1.073912 -0.780571 20.695469 1.118687 -43.565269 5.360539 -13.657878 13.184829 -9.155914 8.863379 
-1.430958 5.267096 -0.268226 -0.758104 24.335002 24.847720 -41.598022 37.325939 5.140497 -5.191881 3.872586 -15.294056 
-0.694183 2.762354 -0.855511 -1.122153 38.185726 20.735587 -43.246254 33.734722 -2.718270 3.390862 -3.720023 -5.621034 
1.269150 -1.344570 -0.788868 -1.865963 35.248752 9.039987 -39.667628 10.988247 -16.368911 17.922731 -15.129114 18.133896 
1.900608 -1.326581 -0.648621 -1.626304 22.251411 8.754045 -26.160447 5.384705 -11.008136 16.382223 -7.909631 13.265486 
0.920367 -2.251731 -0.794610 -1.528365 2.564711 11.971503 -4.342305 7.481580 -4.862970 11.609397 -1.664306 7.713169 
-0.078400 -2.632879 -0.689751 -1.265009 -18.942131 6.104370 23.478845 5.703914 0.660980 -6.644539 -0.896531 -11.181973 
0.106717 -4.972074 -0.675571 -1.165588 -34.551439 6.100170 41.759412 8.825605 -4.456045 -7.599306 -5.651056 -11.072248 
0.271492 -6.113209 -0.585908 1.504820 -41.804298 10.554070 46.663878 15.369897 -8.001045 -5.952397 -8.464106 -9.350356 
0.288508 -6.084380 -0.469467 4.916770 -43.297773 5.941120 44.096637 13.098664 -8.867411 -4.959097 -8.445348 -8.972589 
0.291300 -7.072793 0.221990 7.427598 -42.368014 2.909628 39.749153 12.582755 -8.855803 -4.224731 -8.063498 -8.992289 
0.143592 -6.075675 1.076869 7.961658 -42.762356 4.177003 36.731495 18.013030 -2.297995 -4.451647 -5.039406 -9.877273 
-0.104233 -3.996298 0.680766 7.914649 -43.916023 9.218212 36.317537 24.842922 12.920364 1.907786 -0.119106 -11.355181 
0.225508 -2.971403 0.040060 7.469742 -45.502281 25.874512 37.594220 27.221305 24.293564 3.724911 -4.160706 -6.493064 
1.217908 -1.518917 -0.494906 6.387280 -47.665564 45.490737 38.950678 24.622405 16.549472 14.316876 -1.544989 16.426416 
1.275675 0.431287 -0.849158 2.508069 -46.432664 56.630378 41.086128 31.288722 -2.241711 18.828153 25.797069 23.398553 
0.501425 1.233687 0.469085 -1.134149 -41.709131 48.215637 41.074145 54.965914 -10.552078 2.884194 49.605627 25.771011 
0.947792 -0.173402 1.041672 -4.100854 -39.630964 18.073528 42.605153 66.134714 -10.930170 10.217333 37.705544 25.031786 
1.490000 0.191602 0.874023 -4.029392 -38.438681 -2.338555 36.914245 60.740464 13.600139 28.400363 5.915702 25.420306 
0.787000 2.069004 -0.456328 -3.726513 -35.237598 -2.253022 27.883720 50.837214 46.198980 28.785164 -12.624781 4.950773 
0.577158 1.184837 -1.959273 -3.882443 -34.291998 19.518695 27.253212 34.901547 46.688005 31.018777 -14.383098 -0.218119 
1.586650 -0.701701 -1.176809 -1.943849 -38.677231 30.724470 34.226453 28.166030 17.160589 29.229643 -3.868523 23.921781 
1.652167 -0.589383 -0.284478 -1.385699 -40.511373 34.199478 40.399145 38.465539 -10.419503 22.758047 32.810494 25.783827 
0.509058 3.688246 2.625870 -0.736142 -38.448464 32.863303 42.553787 62.293797 -14.122045 3.845913 63.146519 31.273852 
0.458400 3.343296 2.672955 -2.288592 -37.273089 32.076162 44.822545 68.237714 -10.647986 1.825428 55.775386 30.793802 
1.372917 0.834546 1.580698 -2.799838 -41.541998 36.846420 40.859745 47.997964 4.712739 26.975906 19.671302 29.019669 
1.010442 2.990762 -0.369262 -1.700477 -44.160198 42.854795 35.264928 30.703514 42.317072 33.347769 -8.496889 12.918301 
0.298600 4.591679 -1.997100 -3.751942 -43.096898 47.947045 34.566595 24.228105 57.616239 35.641786 -11.621114 -2.300398 
0.989625 2.269637 -1.175041 -3.404737 -42.975648 47.693712 37.181203 35.015455 39.978672 31.837844 -10.802831 10.948791 
1.772500 0.444912 -0.402299 -3.867648 -42.256056 39.610695 38.769712 50.370414 4.926555 34.367726 14.910386 32.117144 
1.132283 1.877662 1.386551 -4.593249 -42.321481 31.098753 35.596503 74.817047 -21.281953 15.342253 53.834044 31.885177 
0.582383 2.855754 2.381364 -3.976687 -41.220381 34.884870 37.200753 76.513797 -21.184703 7.975372 62.931477 30.954102 
1.374475 0.392273 0.979950 -5.085329 -42.609089 47.868403 37.729587 44.933839 -12.426261 23.315539 32.750186 28.390336 
1.379858 0.468400 0.225228 -2.934977 -42.992648 56.997128 38.297287 16.954447 23.247664 27.883041 -3.822556 21.686915 
0.418550 3.015821 -1.700182 -2.848958 -40.822298 63.737128 41.748970 13.651814 52.800355 31.206828 -13.400823 -1.450735 
0.520408 2.170379 -1.062290 -1.930086 -40.013756 60.902295 40.602287 23.831964 49.600747 29.760586 -12.376356 0.695766 
1.621875 0.156311 -0.496363 -1.035068 -39.976189 41.110445 38.161637 41.221147 18.615405 30.965569 -1.903631 25.503878 
1.544892 0.282304 0.617236 -2.083561 -39.625931 27.966637 33.107312 69.050214 -11.630278 18.517865 35.849061 24.342994 
0.580008 3.039704 2.085031 -2.218202 -39.128889 26.083628 30.437328 85.018047 -18.622353 2.163003 62.484536 26.754961 
0.978275 2.395396 1.315049 -4.402047 -39.072364 36.460628 35.363962 67.929464 -17.540045 9.238508 47.762761 27.644194 
1.585608 1.053721 1.234280 -4.417105 -39.346248 48.968212 37.355087 31.041064 5.523447 24.162002 9.118927 29.782169 
0.872675 2.641871 -0.277109 -3.571362 -39.130323 61.723295 39.789028 12.400314 42.308505 22.878716 -11.672373 7.637293 
0.343867 2.542012 -1.065060 -4.214434 -39.187781 63.228795 41.180970 13.073822 53.164222 23.505439 -11.961714 -2.287259 
1.250450 0.859404 -0.405890 -2.088706 -38.581406 35.736262 40.306137 28.144939 28.643397 23.127733 -9.101856 16.672135 
1.631225 -0.208373 0.145935 -1.355589 -37.157831 5.383645 36.164020 51.529230 -5.053445 23.464108 21.237944 16.875184 
0.729208 2.592379 1.283320 -0.605824 -37.901148 -1.006138 29.430437 74.893714 -18.789411 5.236392 54.980227 18.125548 
0.590525 2.568996 1.076107 -1.482806 -38.298223 4.815237 33.400912 73.146547 -18.416553 2.013951 54.938561 23.978961 
1.431908 0.999554 0.995758 -2.771419 -37.160173 18.397245 36.377462 40.608372 -7.841828 19.923410 21.354944 26.720669 
1.136100 0.563504 0.478681 -0.653510 -35.386081 35.910320 38.745353 15.422805 22.272064 20.252903 -5.698589 14.840976 
0.225983 1.982854 -0.730958 -0.472288 -34.126439 48.997128 42.702137 8.232589 41.324055 21.084370 -8.552681 -4.872881 
0.393025 0.554321 0.116810 -0.347452 -36.497064 47.805128 40.919637 13.669747 31.217155 18.530458 -9.499406 -2.468492 
1.022733 -1.889195 -0.504833 -0.074977 -38.761039 38.385637 37.111345 20.292372 4.338480 13.274750 -6.840681 9.084251 
0.712300 -3.071674 0.048692 -0.576888 -36.264239 34.930212 33.498120 27.302489 -11.651611 0.666569 -2.504314 -0.465349 
0.323058 -1.905332 0.435542 1.355680 -32.915606 28.549345 32.170245 29.064780 -9.245803 -3.378972 -6.763031 -6.537981 
0.380500 -3.368489 0.070128 1.346747 -32.416514 26.436620 34.206170 25.344989 -9.910645 -4.491072 -8.967231 -7.023781 
0.415592 -4.471960 0.390784 1.753400 -32.806464 18.845253 34.613895 20.799289 -10.731003 -3.811814 -10.381148 -8.810139 
0.428175 -4.897110 0.552806 1.954502 -31.441864 1.266670 33.174303 4.693622 -10.765236 -3.872497 -11.101523 -5.761973 
0.476733 -5.844827 -0.136881 2.344350 -27.610739 -22.293205 28.844528 -18.413670 -12.071786 -4.751339 -11.250964 -3.841206 
0.468800 -5.902999 -0.171990 2.835469 -20.740698 -33.918722 21.122445 -32.264195 -11.607345 -4.950706 -10.838464 -4.622506 
0.360792 -4.150337 -0.217281 3.440477 -21.373023 -29.597388 19.111345 -29.071595 -7.727220 -5.423172 -6.728414 -5.915323 
0.057517 -0.967954 -0.198894 3.488694 -24.268514 -23.918713 21.377778 -22.335661 0.460864 -6.510147 1.265452 -8.662398 
-0.656558 2.150804 -0.006739 3.120897 -25.610398 -21.514772 23.182512 -14.991195 15.598097 -7.343414 15.376069 -12.672764 
-1.995358 4.062637 0.084785 2.796855 -25.053106 -18.684305 22.705837 -9.885961 35.680747 -7.749806 37.145161 -14.804156 
-3.758725 5.400062 0.227029 2.771891 -23.040431 -17.683663 20.564537 -7.504053 55.966855 -8.909672 58.265719 -17.841523 
-5.442633 6.994979 0.182727 2.591983 -20.575914 -17.151763 18.762595 -7.900736 73.065989 -8.118156 75.709894 -17.365339 
-6.928933 7.940246 0.447824 2.756869 -18.551531 -17.436297 17.578453 -9.452003 86.624655 -4.700847 89.836144 -18.400014 
-8.195608 9.112954 0.856105 2.480208 -17.204473 -17.149180 16.760387 -10.987395 96.992739 -2.157372 100.692061 -19.663623 
-9.119392 9.761837 0.978016 2.375498 -17.334506 -17.317197 16.025003 -13.009036 104.383739 -1.026156 108.576561 -21.365964 
-9.559509 9.933129 0.987085 2.443714 -18.265431 -17.533122 16.215045 -14.364661 107.762405 0.362253 111.951811 -21.158423 
-9.364582 9.764204 0.884300 2.488588 -19.044239 -17.287438 16.535778 -14.384345 106.084822 1.529036 110.068811 -20.245564 
-8.456412 9.255271 0.658419 2.223574 -19.280473 -17.920530 16.928920 -13.599161 98.902572 2.523078 102.942477 -20.266414 
-7.061546 8.721146 0.445613 1.854359 -19.250039 -18.214930 17.050295 -12.089870 87.581239 3.028003 91.644561 -16.738523 
-5.399167 7.342946 0.355184 1.361756 -19.051823 -18.935288 16.806303 -12.586936 73.338072 6.756046 76.983644 -13.633531 
-3.727925 5.922987 0.099759 1.299845 -19.195831 -19.339788 15.791453 -12.946845 57.935355 9.144117 60.729586 -9.479323 
-2.148975 4.593954 -0.178568 1.383539 -18.461123 -20.084905 15.461228 -13.845811 41.083989 10.449345 43.484911 -5.519273 
-0.764258 2.847462 -0.270528 0.990436 -17.774431 -20.479438 15.600395 -15.037178 23.768947 10.778627 24.786052 -3.314398 
0.266542 0.145486 -0.425034 0.706721 -17.649806 -20.911455 15.632003 -16.380261 7.507564 9.722731 5.061944 -1.661114 
0.682475 -3.562333 -0.392119 0.597269 -17.838339 -21.303138 16.279912 -16.344945 -5.172536 4.751485 -7.812831 -0.974064 
0.500800 -5.244278 -0.639718 0.770918 -17.072781 -21.781297 17.294887 -16.531211 -11.328786 -2.123072 -11.542964 -5.048264 
0.458375 -5.739750 -0.427386 0.680221 -16.537939 -23.258897 18.678820 -19.374828 -12.821570 -4.725014 -12.037273 -5.818156 
0.467658 -6.001113 -0.613187 0.431263 -17.600439 -23.620697 19.411787 -19.485445 -13.423536 -4.841106 -12.481948 -5.911606 
0.402033 -5.520244 -0.801429 0.360816 -16.711414 -24.603255 19.064653 -20.736470 -11.772953 -5.528589 -11.557948 -7.128123 
0.134425 -3.406802 -0.612673 0.400113 -16.576114 -24.568905 19.246620 -19.903186 -5.927670 -6.575539 -4.134456 -10.209031 
-0.550225 0.152371 -0.102552 0.733475 -16.234073 -23.692447 19.077820 -17.697561 8.336589 -8.075589 13.776202 -12.414064 
-1.668208 3.060612 0.225007 0.747705 -16.907314 -21.523080 18.339070 -16.467453 28.233105 -7.430247 34.494702 -10.812681 
-3.126092 4.578821 0.172708 0.725825 -16.777631 -18.264355 16.970145 -14.695353 48.441664 -2.787981 52.389302 -10.819256 
-4.831883 6.350237 0.243379 0.659874 -15.368948 -16.966355 16.011328 -14.196570 66.740739 1.093086 69.808394 -12.312273 
-6.583617 8.147837 0.361789 0.839715 -14.419506 -16.269647 15.828978 -14.618578 83.353239 1.933394 86.420561 -17.525148 
-8.297557 9.872821 0.698300 0.738511 -13.942323 -14.716738 16.053162 -14.662920 97.826739 2.882069 101.510977 -22.420706 
-9.647880 11.904279 0.860112 0.761628 -14.516206 -14.908505 15.585187 -15.349153 108.593489 3.092803 112.333977 -25.723981 
-10.114007 12.239396 0.688599 0.868006 -15.025239 -15.092363 16.095578 -16.641561 112.205572 5.016278 115.524227 -24.653131 
-9.467252 11.219704 0.534437 0.804290 -15.642548 -15.570247 17.030770 -16.553320 107.523905 2.265461 111.046227 -23.510856 
-8.115730 10.318221 0.474190 1.189439 -16.464139 -15.667988 16.875212 -16.131503 96.754822 1.846828 100.424977 -20.867731 
-6.537157 9.895087 0.394034 1.569915 -16.598973 -15.430822 16.536928 -15.787778 83.145489 4.292661 86.868811 -18.989789 
-4.847967 9.522712 0.443873 1.617285 -17.022339 -15.569497 16.744853 -16.102853 67.518322 3.184628 70.891394 -17.355214 
-3.119258 7.805871 0.380485 1.658880 -17.901814 -15.936988 17.506595 -16.145636 49.659005 1.668269 51.971444 -16.067798 
-1.371033 5.866096 0.189246 1.582581 -18.635556 -15.960505 17.844662 -16.134803 27.767955 1.283086 28.712369 -12.761331 
0.003592 3.516146 -0.008734 1.353103 -19.643639 -15.400530 17.599487 -15.403378 6.987305 4.987269 5.885394 -6.096914 
0.469933 -0.057136 -0.164047 1.579155 -19.943089 -13.333397 16.534828 -13.150120 -5.210495 5.093444 -7.795073 -3.928956 
0.438150 -1.809461 -0.481868 2.390783 -19.654006 -11.238188 16.790270 -11.731586 -10.200103 -1.714656 -12.177706 -4.646631 
0.478592 -2.358802 -0.651138 2.473954 -21.763289 -9.785638 19.188570 -10.661261 -11.867703 -3.045464 -12.514014 -4.219581 
0.495092 -2.180245 -0.522224 2.240985 -23.034039 -8.498138 21.216745 -7.205795 -12.400878 -3.123306 -12.069656 -3.838114 
0.476842 -1.639286 -0.591586 2.021300 -23.921306 -8.039872 23.038470 -4.007270 -12.795870 -3.515722 -8.666056 -3.890739 
0.434758 -1.764458 -0.013275 2.527440 -24.267964 -9.129372 23.568062 0.455064 -12.364445 -4.310956 -7.330331 -4.473323 
0.354175 -1.807017 0.366833 4.144192 -24.660223 -8.169155 22.486512 7.610864 -10.459345 -5.641106 -6.559298 -5.689398 
0.263750 -0.814614 0.524581 6.067245 -24.575923 -8.402888 24.412812 12.662180 -3.879028 -5.425081 -5.399214 -6.142481 
0.272758 0.918616 0.074984 9.159091 -24.303398 -9.744822 29.237387 14.977572 12.803889 2.640394 -6.285873 -4.123256 
0.349067 3.585679 -1.313646 12.986621 -25.036731 -10.463555 34.164895 17.357447 34.176155 5.858261 -7.913098 -0.751806 
0.481383 9.671929 -3.347200 15.701454 -27.211331 -11.210947 36.341878 21.341530 52.854714 9.516450 -10.097181 4.152316 
0.599192 17.576504 -5.357558 17.796646 -28.277073 -12.841580 30.141562 26.181597 59.066572 13.327002 -11.643023 9.776866 
0.586225 21.968879 -5.707838 17.566171 -27.372898 -16.124963 23.623970 29.816322 55.083489 15.548170 -10.678231 11.207585 
0.476567 21.288896 -5.471189 16.165638 -24.961039 -19.462947 24.793720 30.373297 53.718155 16.901995 -8.689531 10.284711 
0.407592 16.926054 -4.909310 13.401404 -21.337031 -18.718097 25.100203 27.916547 53.899905 15.199543 -7.555056 6.812551 
0.402058 9.792446 -3.723425 8.959783 -19.225331 -11.348188 22.197970 25.930639 45.894480 11.301898 -7.639806 1.429073 
0.403133 3.807221 -1.612756 4.224209 -21.399148 0.162887 21.249595 22.053489 24.412889 3.400694 -8.719306 -2.253889 
0.303875 -1.564514 2.056517 -0.604548 -28.070889 8.400170 17.934937 14.799189 1.372314 -0.625339 -4.810373 -6.215206 
0.328867 -2.449004 4.771930 -4.406339 -35.876623 14.854445 9.129303 -0.786120 -7.955620 -1.718514 2.790952 -3.011529 
0.480833 -1.082364 5.599315 -8.048150 -37.583656 21.412370 4.435312 -13.832670 -14.285220 0.671544 22.745819 16.270709 
0.648150 1.107584 6.942868 -14.136387 -32.988406 26.842745 1.402753 -11.332061 -19.364053 2.702794 41.446661 20.095457 
0.832325 4.617496 8.518525 -19.418612 -26.433648 28.071528 -1.411055 -13.110245 -24.255011 6.138878 49.481986 20.082417 
1.000967 8.966429 9.987506 -22.613679 -13.795331 24.488337 -1.207238 -17.576311 -28.467853 6.847976 48.376744 21.869322 
1.047875 13.187321 11.201897 -24.530912 6.419519 20.852112 -1.363772 -20.955436 -31.357670 10.721589 44.108477 23.955936 
0.895817 15.486696 10.866772 -24.843671 17.217427 19.989520 -2.799022 -22.887378 -26.557961 13.245180 40.764811 25.406227 
0.784858 13.956704 9.766999 -24.398379 15.352911 19.457412 -2.557922 -23.129311 -22.528153 11.757157 41.942352 27.034777 
0.774317 10.513329 8.702121 -22.606012 6.695144 19.182728 0.462745 -20.279270 -19.836786 9.675487 47.818036 22.411205 
0.706783 5.012862 7.227580 -16.800279 -4.982973 16.567495 3.140828 -14.221653 -16.538711 5.884544 46.594794 18.104833 
0.591975 -0.398138 4.648225 -7.159678 -9.598656 11.429762 7.423578 -8.000078 -13.188586 1.068561 29.558902 10.622026 
0.402717 -6.420773 0.272650 2.573357 -0.402123 7.389978 16.934587 -4.973628 -7.731395 -5.366831 7.628044 0.494311 
0.242042 -8.743946 -4.073026 9.615017 13.187744 2.443262 27.982620 -3.510836 1.629239 -9.044197 -6.603473 -6.778139 
0.205933 -6.176328 -6.878172 14.749621 18.190286 -1.823472 35.030037 -2.301703 22.443730 3.930256 -12.248339 -5.669806 
0.274783 -2.691845 -8.484404 17.822488 11.421302 -7.620447 38.315995 0.594239 41.352122 15.229407 -12.825873 -3.835748 
0.342917 4.363696 -10.414446 17.706321 1.389144 -12.444797 41.131903 2.046080 53.696722 19.028394 -13.582056 -0.880314 
0.420300 12.120279 -11.515970 16.471546 -14.098814 -15.381847 42.079253 4.374005 56.929155 25.505158 -15.499039 3.521322 
0.441250 17.049679 -11.885128 17.841996 -22.277089 -14.456397 42.007703 6.544780 53.733405 27.799777 -16.039773 6.155865 
0.332800 16.928054 -11.269878 18.152021 -19.971023 -14.311155 40.485837 5.886197 51.006897 28.831672 -14.016364 3.517929 
0.316533 13.705387 -10.271929 16.961321 -15.208231 -15.746205 39.089887 3.937630 50.481797 29.018544 -13.606198 -0.732709 
0.387875 7.695221 -9.440755 13.284838 -10.397914 -10.994105 38.575078 3.658064 49.006480 24.401803 -14.582031 -5.848639 
0.406308 1.643789 -8.096070 8.412643 -8.723298 -1.207447 36.278937 8.107005 41.597722 15.912245 -15.273623 -8.973956 
0.367208 -2.740622 -5.316030 3.106360 -11.697106 5.764795 30.092262 11.699539 23.873022 5.593669 -15.266948 -9.256939 
0.264608 -5.936818 -1.679788 -1.198189 -19.860381 9.345470 20.561353 12.547630 1.788205 -1.180206 -7.850698 -7.580381 
0.388125 -5.618036 2.541586 -4.368721 -29.823031 11.325087 6.398770 10.874955 -9.117428 -1.633789 7.857244 1.571101 
0.627525 -2.330757 5.098464 -6.086759 -32.612273 16.016428 -1.497238 10.109539 -18.092611 1.959878 34.722486 15.766061 
0.894275 1.878941 7.452404 -4.684362 -27.777223 17.390412 -2.998188 11.196764 -24.754945 2.643311 50.265802 15.398318 
1.081033 6.996579 9.906772 -2.258182 -17.926939 13.753828 -4.607438 10.299314 -32.056695 6.052211 51.681394 19.029017 
1.101775 12.566212 11.473264 -0.441921 -5.141514 8.682303 -7.156872 7.023447 -34.384095 8.568899 46.550527 22.129263 
0.968825 14.871479 11.967414 0.035731 1.135194 5.723887 -7.060438 3.629789 -33.523461 8.737543 43.569702 24.244702 
0.817008 13.287462 11.805955 -1.016093 0.414269 6.106237 -5.637205 3.540780 -28.253545 5.743961 44.017644 25.872852 
0.743742 9.967296 10.905205 -3.343735 -6.302923 9.067978 -2.849047 7.097464 -24.094361 1.726328 45.959277 24.224027 
0.605417 3.860571 9.003570 -5.089016 -18.331031 13.458145 1.274803 10.342880 -19.294378 -2.641681 38.633802 22.722076 
0.410850 -1.586028 4.547136 -4.880649 -21.537931 16.902328 7.328820 12.853497 -14.300386 -7.812447 18.508861 13.480437 
0.208033 -4.554528 -1.300851 -5.702396 -11.623331 17.836828 17.859462 12.377347 -5.283028 -13.049972 -1.102048 -3.156029 
0.205025 -3.164270 -4.785199 -8.110876 -3.382189 16.435112 26.836978 9.873089 13.905514 -1.907789 -6.788881 -4.815839 
0.404750 -0.953966 -6.901554 -7.943319 -1.173223 15.909545 31.461637 10.728439 37.177705 7.971040 -13.195706 -1.876456 
0.627392 3.637279 -10.191537 -7.103992 -0.783639 15.497662 38.031862 10.968955 53.896972 12.821583 -21.074473 2.818296 
0.733933 10.244704 -13.202136 -6.563865 -0.787014 12.528620 42.892637 9.325855 62.037405 18.675631 -30.877127 8.635280 
0.696042 15.037529 -14.570545 -6.533192 -1.793548 6.737637 48.278337 9.290789 62.004739 22.178295 -39.033265 13.828326 
0.454875 15.106704 -14.238511 -5.857532 -1.562681 2.985570 50.336045 8.685222 59.619405 24.864383 -24.265831 6.177751 
0.280192 11.613337 -13.008295 -3.418742 -2.362181 2.576045 47.453637 9.282239 57.981072 25.808865 -17.026031 1.306676 
0.308642 5.932437 -11.716603 -0.914241 -4.724789 5.163570 43.606712 12.008455 50.766214 23.003999 -15.737706 -0.998739 
0.359467 -0.601368 -9.544680 0.232337 -7.288339 8.713212 41.355812 12.841922 32.757705 15.580605 -15.939998 -2.437006 
0.321000 -6.410078 -5.559201 0.874936 -12.769398 9.521462 39.877553 10.226614 7.480822 2.595468 -13.221698 -4.711431 
0.261267 -5.932509 -1.467446 -0.378032 -22.536681 7.097437 28.689403 9.081430 -7.452570 -2.301814 -5.151406 -6.535298 
0.277633 -3.960049 0.664313 -1.106045 -27.684489 8.411945 22.076353 10.479214 -8.988786 -3.799847 0.393236 -3.215081 
0.366558 -4.657277 0.684341 -1.439830 -24.343864 10.830012 20.687828 10.845155 -11.407195 -5.072322 -0.473931 -1.608464 
0.343117 -5.768998 0.192128 -2.432775 -16.485289 12.656237 15.109445 11.718714 -11.251111 -7.040239 -8.565373 1.016379 
0.275025 -7.009761 -1.102158 -3.217262 -4.987806 14.134062 3.834995 14.816305 -9.469795 -10.132781 -15.689114 -1.778256 
0.297033 -7.658464 -2.293950 -3.908597 7.669027 13.550437 -11.382988 14.818122 -9.848495 -11.727106 -18.078798 -1.356139 
0.319483 -7.350269 -2.781705 -3.976909 16.674336 9.512345 -27.805055 11.235114 -10.467611 -11.802097 -20.294348 -0.985031 
0.309275 -6.709159 -3.371050 -3.602089 21.923727 6.222253 -38.817230 6.125680 -10.587445 -12.217106 -21.872581 -0.666089 
0.269275 -6.358848 -3.770055 -3.295452 25.635852 3.885028 -43.294952 3.244914 -9.861561 -13.159056 -23.784439 -0.080539 
0.204933 -6.014644 -4.052872 -2.986292 28.557469 1.080695 -45.848967 3.105289 -8.317328 -13.402431 -25.607023 0.417361 
0.132292 -6.131882 -4.232100 -3.269442 30.910869 -2.319788 -47.415632 3.364022 -6.680311 -13.778506 -26.739523 0.669294 
0.068933 -6.413264 -4.265450 -4.082987 32.389494 -5.886505 -48.619426 2.200364 -5.066870 -14.552497 -28.218273 1.259727 
0.031633 -6.741299 -4.545118 -4.581797 32.227769 -9.834205 -49.937639 2.010380 -4.213803 -15.062281 -29.206348 1.824501 
0.023567 -6.803727 -4.617045 -4.785047 31.181944 -14.032430 -50.848429 3.176430 -3.829620 -15.315081 -29.198148 2.091158 
0.016992 -7.172040 -4.657623 -4.585277 30.663002 -15.306255 -50.268046 3.599639 -3.766961 -15.373322 -29.037964 2.047285 
0.005992 -7.343141 -4.688104 -4.684302 31.178344 -13.873030 -51.136701 3.351705 -3.810536 -15.429489 -29.851614 2.225215 
-0.010642 -7.901000 -4.722433 -4.911222 31.919661 -12.249788 -51.433937 1.860122 -3.904586 -16.174489 -30.769956 2.880286 
-0.025358 -8.642646 -4.806585 -5.583763 33.553396 -11.587897 -51.390362 0.433547 -4.086495 -17.053897 -31.421589 3.733128 
-0.074017 -8.716377 -4.363535 -6.406184 35.166292 -12.207505 -49.789978 0.257497 -3.431561 -17.191956 -31.599164 4.325281 
-0.116058 -8.202775 -3.807709 -7.074434 34.723837 -13.022913 -49.569322 1.530147 -2.635103 -16.164822 -30.630839 3.933961 
-0.116517 -8.307242 -3.816423 -7.357397 31.844344 -13.071355 -49.179699 3.005514 -2.316111 -15.577439 -30.613364 3.905485 
-0.092867 -8.359038 -3.969897 -7.442703 32.739922 -12.945563 -48.804682 3.982939 -2.572403 -15.541481 -30.779806 3.748745 
-0.062258 -8.677085 -4.044975 -7.564090 36.712550 -13.326313 -50.256247 4.141080 -3.149986 -16.100797 -31.190104 4.018131 
-0.062008 -8.979259 -4.026625 -7.799317 38.210343 -12.918930 -50.514637 3.057747 -3.155295 -16.527306 -32.505493 4.779797 
-0.090942 -8.595407 -3.814258 -7.967944 39.020836 -12.843330 -49.364353 3.050789 -3.130911 -16.789931 -30.844814 3.789706 
-0.100550 -6.984746 -3.011041 -7.992138 37.897259 -13.686413 -49.475924 4.690789 -2.754486 -15.393447 -28.442673 2.016388 
-0.021908 -6.038079 -2.414933 -7.278576 33.637374 -16.293913 -49.429276 5.327397 -3.278853 -13.865181 -26.630589 0.771811 
0.091342 -5.165114 -2.225057 -6.429329 32.775069 -17.689088 -51.366637 5.202655 -4.399920 -12.425772 -24.742398 -0.288464 
0.199600 -4.941376 -1.746943 -5.811871 38.344342 -15.900888 -52.871454 4.474164 -6.318195 -10.814322 -21.479531 -1.560414 
0.281517 -5.215919 -1.414512 -3.651081 44.275461 -14.781022 -54.275384 2.438364 -8.586836 -8.915614 -18.887556 -2.665156 
0.322125 -4.978421 -0.878859 -1.066016 46.555933 -13.179113 -55.724396 -0.073828 -10.335661 -7.664656 -17.875839 -3.224173 
0.344892 -4.910184 -0.245887 0.880071 45.682966 -10.388938 -56.120087 -1.913053 -11.848586 -6.979297 -17.236489 -3.514356 
0.359850 -5.206171 0.140827 1.417404 44.512914 -6.831138 -54.668982 -2.870620 -12.946811 -6.169464 -16.365539 -3.741673 
0.372300 -5.330811 0.316171 1.222519 44.269929 -2.569188 -51.558878 -3.246936 -14.289820 -5.497447 -14.647473 -4.042281 
0.372100 -6.099157 0.517216 2.695826 44.336543 0.947495 -49.024673 -4.213770 -15.383670 -4.784631 -13.038998 -4.450281 
0.335517 -7.087876 0.841787 5.764713 46.251854 3.092103 -47.576009 -5.574453 -16.582111 -4.130097 -11.295706 -5.426323 
0.270567 -7.701237 1.149869 10.086437 49.790454 4.812795 -46.870134 -6.859220 -17.777211 -3.494064 -9.504789 -6.624298 
0.184792 -7.969709 1.429547 15.491688 54.943842 9.607053 -44.921859 -9.391111 -19.223203 -3.009847 -7.370598 -7.925448 
0.095167 -8.033481 1.739139 20.152554 59.646227 13.828528 -42.169286 -13.492536 -20.304853 -2.961447 -5.675664 -9.215648 
0.002208 -8.542871 1.776036 22.833304 59.938036 14.879087 -39.935434 -17.021545 -21.086011 -2.457631 -4.351481 -10.403956 
-0.073517 -8.870559 2.066992 24.172171 55.549153 16.786445 -35.773297 -18.230161 -21.417920 -1.637939 -3.476031 -11.221231 
-0.107083 -9.097790 2.170609 24.587871 50.165386 18.103662 -32.780672 -18.415195 -21.283603 -1.411289 -3.211656 -11.567614 
-0.101558 -9.290548 2.211007 24.952863 49.835511 16.343703 -30.719213 -18.006420 -20.549270 -2.090822 -3.675981 -11.297614 
-0.063792 -9.240755 2.352806 25.322429 52.680682 15.070603 -29.827572 -17.914286 -19.892253 -2.844964 -4.446439 -10.876739 
0.002917 -9.433395 2.357380 25.526613 54.533985 14.821628 -28.226855 -17.381761 -20.396311 -2.815814 -5.119698 -10.241798 
0.039550 -8.998036 2.211216 25.221038 54.587589 13.798045 -27.388738 -17.251128 -20.755761 -2.570797 -5.395023 -9.946964 
0.048908 -8.670305 1.815216 24.627471 55.421836 12.458203 -28.467130 -17.188386 -20.867653 -2.004847 -5.255464 -10.059564 
0.042408 -8.559323 1.503194 24.395121 56.212352 11.911353 -31.291947 -16.997170 -21.539061 -0.726481 -4.738556 -10.786106 
0.027700 -8.203053 1.480886 24.014254 55.172877 12.405162 -31.279213 -17.101720 -22.512753 0.742703 -3.403906 -11.370664 
0.025558 -7.852160 1.654006 23.546813 52.849475 13.970078 -28.063638 -17.756786 -23.856753 2.566419 -2.052631 -11.485306 
0.044942 -7.681835 1.766594 23.359479 49.995805 15.617345 -24.972847 -18.939845 -25.659895 4.547078 -1.381481 -11.464881 
0.080208 -7.229244 1.977774 23.334963 49.557102 15.392728 -23.425947 -19.554861 -27.085978 5.767803 -1.453148 -11.167048 
0.105733 -6.565569 2.135488 23.358696 50.941142 14.349845 -23.494022 -20.333953 -27.334186 5.643961 -1.746523 -10.843639 
0.153725 -6.085310 2.208182 23.140329 51.856372 13.933812 -22.455063 -18.371053 -27.409111 4.739294 -1.807023 -10.244748 
0.202892 -5.872634 2.321060 22.983704 52.106362 14.352087 -21.871130 -17.731928 -26.998845 3.216111 -2.205514 -9.579273 
0.235133 -5.767260 2.337621 22.729196 52.332738 14.591953 -22.024038 -17.038178 -26.824370 2.043061 -2.313264 -9.291981 
0.250667 -5.722137 2.169965 22.844296 52.815587 14.502753 -23.440780 -16.648453 -27.164161 1.755611 -2.051489 -9.198314 
0.243800 -5.765850 2.086035 23.297379 52.958198 14.658995 -23.587222 -16.398645 -28.030578 2.633769 -1.508606 -9.438023 
0.219083 -5.819837 2.289428 23.168096 53.154982 15.127137 -22.641663 -16.764595 -28.611736 3.567153 -0.845389 -9.847348 
0.195983 -5.421285 2.308840 23.330771 52.097764 16.236678 -20.148580 -17.548203 -29.171786 4.314911 -0.350856 -10.083398 
0.200850 -5.087368 2.346139 23.094988 50.930678 17.948695 -15.176138 -18.598461 -29.475145 4.249653 -0.324531 -9.771123 
0.219658 -4.230410 2.312930 22.706846 51.020117 18.680778 -11.604372 -18.252111 -28.343445 2.771578 -0.953298 -8.772398 
0.269175 -3.746026 2.420505 21.810329 52.155289 18.287937 -10.629863 -16.753620 -26.310720 0.438861 -2.393848 -7.432114 
0.307250 -3.142328 2.347239 20.682071 52.883294 18.029070 -11.710363 -15.883161 -24.073853 -2.251372 -3.601206 -6.279631 
0.355042 -3.488427 2.229050 19.283879 51.520034 18.214262 -11.583163 -15.129178 -21.507445 -4.412906 -5.450873 -5.274864 
0.382975 -3.659899 2.108755 17.230496 46.467165 18.676487 -9.324805 -13.725070 -19.703178 -6.221922 -6.750489 -4.533489 
0.403717 -4.356221 1.837710 14.956004 38.158126 21.502062 -2.847263 -12.206595 -18.392311 -7.232581 -8.066423 -3.910006 
0.414683 -5.131076 1.534410 12.544454 26.673111 26.052195 6.844003 -9.976386 -17.620020 -7.057297 -8.724773 -3.683489 
0.414683 -6.046559 1.005899 9.462718 13.875652 29.522945 17.452878 -7.651411 -16.961320 -6.448156 -9.009489 -3.584731 
0.401358 -6.417892 0.213364 3.840905 2.517102 27.465770 26.659737 -9.363320 -16.339028 -5.678181 -9.044339 -3.619698 
0.420517 -6.566645 -0.262465 -3.188783 -4.925948 25.189553 31.908787 -7.749370 -16.140378 -4.675339 -10.262639 -3.319323 
0.428775 -6.446655 -1.205816 -7.688685 -7.766764 26.716145 30.513420 1.056180 -15.781495 -4.588431 -12.028731 -2.893639 
0.426042 -6.316372 -2.265890 -10.343947 -4.220789 25.442445 25.048362 9.502005 -15.495786 -4.588664 -12.995006 -2.810723 
0.429400 -6.481332 -2.876781 -15.048671 2.238669 19.862320 18.468495 15.687880 -15.702645 -4.215697 -13.056906 -3.058273 
0.431308 -6.142767 -3.322248 -20.058471 4.256611 19.422112 17.673120 20.603697 -15.760545 -3.641747 -12.748989 -3.287714 
0.427192 -5.936418 -3.571333 -23.204496 0.614944 26.972512 22.938662 26.170964 -15.631361 -2.470139 -12.501573 -3.684098 
0.390850 -4.560509 -3.399310 -25.926779 -4.115506 36.160162 30.214878 33.875422 -14.690645 -1.351264 -11.210956 -4.306898 
0.361800 -3.757088 -3.400886 -27.661771 -1.689864 35.671937 35.852345 42.280280 -13.372320 -0.649789 -10.612898 -4.547739 
0.391117 -3.596274 -3.403797 -28.921387 8.627586 21.990845 36.262162 49.797880 -13.748011 -0.201122 -12.269348 -4.024564 
0.392492 -4.248449 -2.865745 -29.206779 20.567069 1.650903 33.505137 54.223214 -13.134486 0.204128 -13.634098 -3.511323 
0.372900 -3.964680 -1.830995 -29.571387 30.237011 -17.628155 29.806845 54.262214 -11.792211 -0.563506 -14.804748 -3.163706 
0.347358 -2.882189 -1.117753 -30.107454 38.489603 -29.024605 23.621987 48.419847 -10.366136 -2.250322 -15.549064 -2.447214 
0.328417 -1.530024 -0.351209 -29.678521 43.375362 -32.750355 16.253345 30.751664 -8.939395 -3.747889 -17.200881 -1.382939 
0.315450 -0.077462 -0.160117 -28.650762 44.099052 -33.738980 8.562670 3.937730 -7.480870 -4.783114 -19.398064 -0.182731 
0.314950 2.350271 0.463366 -27.251179 44.013324 -34.480255 1.066628 -16.455720 -6.751203 -4.454347 -20.843356 0.806727 
0.312033 4.767454 0.937274 -26.550104 42.045350 -34.993780 -1.337655 -27.152428 -6.254753 -4.335572 -22.392389 1.642358 
0.309325 6.080254 0.926541 -26.336412 40.685680 -34.940880 -0.254255 -30.932895 -5.618745 -5.088789 -23.892314 2.417796 
0.348233 5.969546 1.024620 -26.182379 41.798037 -34.647830 3.881512 -29.462178 -6.150178 -4.726872 -23.546314 2.364468 
0.389175 4.995229 0.968919 -26.051404 43.679839 -33.884013 5.047320 -26.765620 -7.458678 -3.751764 -21.211914 1.530050 
0.419717 3.644021 0.541165 -26.391729 42.392880 -32.594655 6.160178 -22.423270 -8.962570 -3.779922 -17.950773 0.317152 
0.387925 2.821012 -0.152668 -26.954854 40.177169 -32.422380 7.949645 -18.695828 -9.993603 -4.838922 -14.912898 -1.296873 
0.328992 2.863654 -0.916549 -27.488629 39.196878 -33.106938 7.974137 -17.559753 -9.957295 -5.163181 -12.537173 -2.688273 
0.307917 2.896129 -1.180430 -27.746121 39.652360 -33.343730 7.976778 -17.057045 -9.569428 -5.849106 -12.124673 -3.120464 
0.317117 2.870562 -1.196768 -27.660421 41.017642 -33.724797 8.748995 -17.145928 -9.164845 -6.361131 -13.559689 -2.637989 
0.319617 3.024754 -0.784573 -27.103762 43.196107 -33.969663 10.125262 -17.277278 -8.322611 -6.026614 -15.630656 -1.937864 
0.317050 3.288912 -0.157127 -26.518962 44.859248 -34.184605 12.088328 -18.044545 -6.609495 -5.586064 -18.804498 -0.625098 
0.318717 4.188129 0.212290 -25.765379 44.608124 -34.200247 13.672253 -19.214986 -5.480453 -4.851931 -20.613489 0.068444 
0.318733 4.799754 0.300667 -24.860937 43.984513 -34.207872 15.139045 -19.607820 -4.668286 -4.461856 -21.931623 0.698052 
0.336200 4.618279 0.438516 -22.869796 44.411182 -33.783347 15.354662 -19.344070 -4.692661 -3.958556 -21.888573 0.735636 
0.369167 4.293662 0.676942 -17.950587 45.713549 -30.186313 13.492295 -18.272911 -5.848136 -2.961139 -18.964331 0.312294 
0.402450 3.278096 0.942703 -9.788378 39.843317 -21.010513 11.181178 -16.502228 -8.063603 -2.360039 -16.106356 -0.485373 
0.423983 1.855246 1.155217 0.579052 28.642417 -11.264688 8.062228 -15.346570 -10.592753 -2.627681 -13.884281 -1.239364 
0.425725 0.453811 1.394288 12.032739 16.565969 -7.095147 0.999362 -14.796353 -12.986936 -3.070256 -11.563564 -2.321639 
0.419942 -0.960306 1.384923 18.271796 7.044561 -8.845863 -11.593347 -15.515070 -15.239836 -2.960564 -9.580214 -3.604081 
0.402375 -2.463474 0.481264 20.698929 -1.130023 -12.841988 -27.477547 -19.226386 -17.155853 -3.147481 -7.790589 -5.207231 
0.367917 -3.299633 -0.936778 21.512988 -8.180856 -14.792380 -41.730640 -27.946645 -18.524228 -3.374772 -5.987714 -6.546656 
0.332525 -3.045054 -2.220675 21.611138 -13.342489 -17.657972 -53.022555 -33.490203 -20.197178 -2.736114 -4.349231 -7.869289 
0.301975 -2.104776 -2.821295 20.913263 -18.179564 -20.132563 -62.397347 -34.167711 -22.092370 -1.385364 -2.705973 -9.032623 
0.280483 -1.171951 -2.957636 20.001888 -20.487364 -21.542730 -68.080438 -33.152778 -23.418420 -0.054431 -1.384639 -9.762298 
0.274342 -0.547258 -2.872023 19.651413 -19.542439 -22.970297 -69.114113 -32.863036 -24.196845 0.712061 -0.737206 -9.836464 
0.306442 -0.256315 -2.659871 19.371463 -16.367656 -23.627188 -66.684522 -32.790803 -23.807495 0.421028 -1.490298 -9.083673 
0.355308 -0.362438 -2.353634 19.258354 -12.031473 -23.550905 -61.129156 -31.248786 -22.748995 -0.311264 -3.266056 -8.129514 
0.371758 -0.577713 -1.989007 19.418129 -8.631764 -23.106730 -55.081466 -28.000686 -20.859003 -1.113731 -4.989214 -7.157748 
0.369992 0.075439 -1.387706 19.776879 -8.131489 -22.231255 -51.126584 -28.290195 -19.027903 -1.412006 -5.785481 -6.472431 
0.386558 0.660979 -1.068178 20.283654 -7.913964 -21.036188 -49.257939 -30.343845 -18.817045 -1.932981 -5.964606 -5.576848 
0.388375 0.438254 -0.669498 20.640229 -7.458198 -18.204838 -49.420750 -32.440153 -19.446620 -2.809689 -5.201223 -5.524881 
0.388550 0.267596 -0.466961 20.701229 -6.631939 -16.788605 -54.635281 -34.378386 -21.166145 -1.797347 -3.991823 -5.847831 
0.372225 1.166046 -1.072762 20.435313 -5.904198 -17.614247 -59.328343 -34.901470 -21.704995 -1.419931 -3.176556 -6.150314 
0.347933 2.143054 -2.039478 20.461421 -0.974106 -21.768005 -58.456633 -34.379920 -20.955886 -2.628814 -2.877056 -6.555098 
0.366600 1.949946 -2.178274 20.839121 4.561186 -26.695388 -55.231150 -34.421045 -21.062720 -2.494122 -3.440548 -6.598498 
0.391508 1.776029 -1.862197 21.056129 5.628211 -27.666005 -50.916445 -33.504370 -20.822703 -2.618747 -4.703514 -6.009839 
0.406983 1.720046 -1.065306 21.658588 2.533277 -26.180997 -43.123643 -27.756328 -19.853803 -3.361056 -5.922748 -5.328681 
0.417367 2.493362 0.031111 21.413163 -1.118989 -25.808505 -34.597334 -24.527145 -18.849970 -5.155431 -6.953256 -3.776423 
0.408242 2.661812 1.889823 19.342363 -5.548956 -24.091347 -30.197530 -24.035078 -18.076961 -7.329656 -7.309139 -2.145031 
0.380433 1.741596 4.729061 13.985604 -7.323823 -22.482780 -32.084163 -22.805195 -17.276453 -10.642856 -7.496381 -0.671623 
0.327717 1.066479 8.189735 6.461312 -7.306223 -21.775363 -39.288420 -22.774328 -16.407161 -15.462747 -7.545014 0.915894 
0.280342 0.086093 11.424889 -0.647931 -7.330048 -22.292347 -44.442068 -23.937353 -15.135395 -19.125097 -7.676231 2.540197 
0.239267 1.014479 13.219489 -6.553059 -8.050431 -25.488680 -42.444482 -28.876095 -13.617070 -21.849614 -8.264823 5.637926 
0.204000 1.823996 14.248147 -12.542112 -8.624173 -29.426880 -38.030068 -36.681370 -12.037086 -23.132772 -9.697539 8.972482 
0.171783 2.064237 14.075814 -18.102604 -9.247514 -32.002380 -34.827405 -39.442811 -11.429320 -23.995147 -10.435556 12.587563 
0.161792 2.182071 13.009897 -21.107729 -9.707806 -33.521480 -34.547822 -40.086620 -11.058220 -26.487422 -11.266406 18.169891 
0.129783 1.714696 11.724664 -21.988212 -9.572623 -34.209297 -35.960830 -39.564070 -9.854245 -27.749639 -11.602289 22.411509 
0.101858 1.856779 10.696555 -22.050496 -9.824623 -35.171955 -31.640955 -38.717186 -9.142628 -29.332839 -12.580781 27.925852 
0.124625 2.391304 10.733430 -22.919921 -6.182831 -33.814697 -25.017213 -38.643728 -9.346903 -28.719756 -13.464073 29.370144 
0.159775 3.138421 11.559580 -24.033979 -3.820856 -32.148497 -26.277280 -39.027811 -9.776578 -24.570347 -12.053456 21.789751 
0.175642 3.120287 11.845722 -24.153312 -4.562539 -32.064638 -32.786572 -38.829903 -10.495936 -20.803981 -9.987348 14.378274 
0.191508 2.794212 11.504497 -23.843229 -9.568564 -31.651363 -39.275991 -38.102003 -11.061586 -18.124264 -7.689481 7.722554 
0.231667 1.583771 10.564922 -22.616262 -17.993514 -28.543930 -39.109619 -36.840195 -11.385078 -15.577456 -5.752156 2.576701 
0.282425 1.136304 8.600362 -19.268471 -24.276806 -25.230097 -35.257638 -35.884720 -11.680253 -11.690139 -5.781048 -0.582614 
0.318425 1.134179 5.600663 -14.414096 -22.325731 -23.110297 -28.646997 -31.752686 -11.051970 -7.435314 -7.215256 -2.021339 
0.318175 0.121757 1.473087 -7.699150 -12.560131 -20.498405 -24.024797 -29.795611 -9.164045 -4.702272 -8.998523 -2.534173 
0.296708 -0.955204 -2.887258 -0.734797 -0.713923 -19.628705 -20.341830 -30.226811 -7.299670 -3.053681 -10.700823 -2.778389 
0.283300 -2.376838 -6.209132 5.517846 10.560069 -17.825188 -14.071822 -30.254828 -5.841470 -1.054714 -12.550164 -3.065089 
0.269750 -2.954917 -8.657324 10.655419 17.502386 -15.902938 -7.699330 -30.185186 -5.069145 1.187819 -13.665056 -4.317889 
0.243058 -2.927262 -9.795289 14.697304 20.309386 -14.421138 -3.411680 -29.343845 -4.548670 3.608111 -14.541214 -6.551689 
0.221500 -2.874088 -10.800911 18.888729 22.242652 -14.670355 1.034212 -30.528436 -4.483870 5.687186 -14.009806 -8.528723 
0.170917 -2.708567 -11.828145 22.104113 24.827661 -16.064997 6.331945 -32.798986 -2.705286 5.112978 -15.223781 -7.767673 
0.106283 -1.489439 -11.836903 24.863646 25.461427 -20.646747 9.942837 -33.526978 -1.643078 4.830803 -15.130439 -7.592431 
0.063050 -0.477387 -11.541778 26.671671 25.675244 -24.264905 8.059062 -32.997953 -1.251320 5.738211 -14.425914 -7.309573 
0.060258 -0.623618 -11.185003 26.523246 27.325527 -25.079847 5.639553 -32.402386 -1.318636 6.602094 -14.310298 -7.629098 
0.055425 -1.134614 -10.581471 25.765221 27.855819 -24.429772 4.813062 -32.377861 -1.728978 7.367240 -14.207606 -7.552139 
0.067942 -1.897129 -10.080967 25.624663 27.699586 -24.056097 4.837037 -33.161136 -2.466778 8.352271 -14.316006 -7.681906 
0.104300 -2.204249 -9.954440 25.955071 26.134319 -23.947155 4.912553 -33.802711 -3.415370 9.538823 -14.711898 -7.748806 
0.131342 -1.534504 -9.871326 26.608121 25.099061 -24.678080 3.827695 -33.097220 -4.185928 11.135548 -14.538889 -7.525198 
0.158533 -0.968111 -10.067631 27.346579 24.050736 -26.011622 1.528945 -31.601178 -4.511103 11.795589 -13.990673 -6.505998 
0.174658 -1.401207 -10.372386 27.213671 23.783044 -26.195422 -1.178447 -28.983711 -4.223478 10.594452 -13.091431 -5.800631 
0.203292 -2.074823 -10.419070 25.919954 23.030161 -23.276488 -2.075963 -19.634036 -4.784270 8.963312 -10.856148 -5.090473 
0.235983 -2.310093 -9.875071 23.863113 20.597911 -19.394655 6.604620 -10.175628 -5.288670 5.595744 -9.890289 -3.803798 
0.246258 -2.098135 -8.148053 21.752263 15.599052 -17.032397 19.485312 -8.681845 -6.050978 1.256986 -9.145698 -2.184856 
0.264200 -2.248029 -4.678604 18.665313 7.970819 -15.191280 16.758278 -10.085628 -8.274178 -1.640956 -7.583206 -1.335839 
0.287108 -1.334654 -0.305030 15.466171 2.755061 -12.166163 0.170928 -12.694028 -10.500703 -3.454172 -6.972139 -1.059881 
0.322033 -1.095516 4.105103 12.065829 1.358152 -7.724572 -20.152305 -14.853578 -12.684653 -4.585247 -6.694556 -1.240756 
0.327242 -0.825042 7.774651 7.655708 2.468102 -4.844447 -32.392280 -14.847370 -14.358678 -7.225131 -5.712256 -1.290323 
0.297075 -1.117621 10.508916 2.241580 4.269286 -8.191713 -34.877488 -13.807136 -14.741628 -11.372956 -5.013781 -0.479339 
0.240800 -0.730271 12.354639 -2.733012 4.590519 -15.285955 -36.343005 -19.346545 -13.335036 -15.908214 -5.323748 1.276815 
0.178292 0.649290 12.946530 -5.746797 4.751969 -21.268097 -41.243193 -28.677261 -11.582611 -17.567522 -5.279098 3.822583 
0.174717 1.399779 13.297405 -8.086944 3.890486 -24.399713 -50.932912 -36.908786 -11.131670 -17.891797 -5.992989 5.219906 
0.176675 1.499287 13.008255 -8.974867 3.211152 -25.757105 -57.646658 -38.763203 -12.252470 -16.607839 -6.219081 5.640347 
0.166492 1.750537 11.915097 -9.975339 1.341936 -26.632313 -55.706750 -38.671770 -12.139095 -19.183814 -6.568464 7.433123 
0.122817 2.040179 10.781197 -11.351621 -1.500989 -27.707630 -49.427905 -37.681128 -11.320195 -20.701672 -5.865131 7.241746 
0.055442 1.826946 9.787239 -12.559946 -1.600431 -27.716863 -41.020528 -36.733061 -9.532786 -20.410306 -5.270589 7.708008 
0.059742 2.013029 9.309803 -15.066529 0.074602 -27.429713 -32.058463 -35.931053 -8.706153 -21.453931 -6.574398 9.732421 
0.074975 2.371996 9.291174 -17.574054 -0.009439 -28.172038 -33.413863 -36.356328 -9.380028 -21.590014 -7.075806 11.058231 
0.104758 2.870679 10.196505 -19.774204 0.383102 -28.071405 -40.916486 -37.760620 -10.207020 -20.697622 -7.302823 11.169259 
0.116883 3.232812 10.846122 -20.938729 1.415894 -27.677855 -46.350422 -38.407495 -10.123920 -19.586789 -7.475914 10.592515 
0.127508 3.473362 11.095580 -21.778321 2.735094 -26.114972 -51.352430 -39.430261 -10.227003 -17.831756 -6.903664 9.315171 
0.154225 3.571921 11.390430 -21.914621 1.832811 -25.801888 -51.553693 -39.079153 -10.935570 -16.615272 -6.165589 7.170652 
0.186592 2.730679 10.678980 -20.630954 0.375002 -25.623305 -49.494203 -37.297736 -11.235461 -15.038406 -5.143423 4.081111 
0.231392 2.014696 9.910316 -20.177587 -2.722639 -23.802497 -43.046493 -35.963003 -10.880086 -13.105847 -5.531273 2.300850 
0.276383 1.233371 7.978315 -18.788404 -7.864173 -20.601988 -30.944163 -33.686603 -10.883970 -10.495314 -5.980264 0.730919 
0.307750 1.282904 5.655660 -17.380621 -12.292814 -19.107447 -17.115547 -29.177178 -10.185378 -7.778122 -7.292548 0.248136 
0.316067 1.145387 2.590632 -14.776429 -13.582023 -18.479088 -7.461172 -21.925395 -9.458995 -4.726356 -7.992539 -0.141006 
0.346092 1.244629 0.345423 -11.840371 -13.664531 -13.910563 -0.670663 -9.360386 -9.713503 -1.511781 -9.049264 -0.468456 
0.407617 0.311996 -0.984362 -7.820291 -14.023081 -5.985372 7.700603 3.713722 -10.815586 0.912594 -11.352606 -0.895589 
0.424267 -0.936742 -1.955169 -3.450527 -16.709014 4.483403 18.296828 8.290414 -10.668220 1.654003 -12.972131 -1.688023 
0.317842 -0.983274 -2.574776 -0.419720 -22.989673 18.443295 26.492512 10.414305 -8.017803 0.915061 -10.667773 -2.825839 
0.224300 -1.238167 -2.361913 0.684234 -28.287564 28.677512 29.578153 11.225822 -6.326153 0.342853 -8.230914 -3.568664 
0.291925 -2.127099 -1.955978 -1.165425 -24.832098 35.305187 27.268837 13.476130 -8.021528 -1.704289 -9.594439 -2.247623 
0.383550 -2.405949 -0.441160 -5.639262 -11.793323 32.507753 23.148837 21.999464 -10.810803 -4.228147 -11.762948 -0.457564 
0.390208 -1.494083 2.091019 -9.859675 1.805436 8.247270 19.724203 32.397155 -11.356911 -6.166847 -11.148781 0.290052 
0.364417 0.333107 4.810177 -12.139071 3.719627 -22.496047 19.970245 42.809730 -10.861120 -6.754706 -10.548148 0.598044 
0.351492 2.319512 5.837016 -12.914771 6.381952 -35.145130 22.946220 51.501297 -9.550136 -8.221847 -10.727456 2.240831 
0.255242 4.767962 6.259193 -14.945904 11.653502 -37.433130 20.211220 56.502880 -5.914645 -9.918556 -9.197256 3.792094 
0.209733 5.704496 6.795270 -16.073129 11.901427 -34.538488 17.073187 59.444297 -4.620411 -9.414806 -7.780689 3.418556 
0.267075 4.506379 7.101239 -16.520962 11.776627 -14.789180 18.987195 62.681214 -6.962136 -8.429531 -6.770706 1.602869 
0.292667 1.735587 6.021828 -16.434321 3.665152 20.643062 24.123262 62.736047 -9.153161 -8.028247 -6.201539 -1.025556 
0.215308 -0.611187 3.410646 -12.930846 -9.863923 46.945403 27.336453 60.577464 -8.248595 -6.441372 -6.023814 -4.270639 
0.084525 -1.759505 -0.513921 -5.359509 -22.416373 57.317212 25.954987 58.037630 -4.852928 -4.874772 -5.836348 -6.545139 
0.178967 -2.673499 -4.197902 1.810716 -27.356064 56.550045 16.855120 42.558722 -5.694295 -1.291081 -8.936023 -5.814506 
0.322533 -1.871876 -7.020645 7.522088 -23.832931 47.306103 1.100828 10.440547 -7.605995 3.166211 -12.512023 -4.721839 
0.328925 2.050912 -8.978378 12.435204 -19.558489 38.157195 -16.705897 -21.884353 -7.566703 7.160948 -11.763748 -4.963439 
0.238967 5.685096 -8.768340 14.775863 -16.433564 37.260637 -22.747897 -36.475328 -7.210936 11.135168 -7.594998 -6.113898 
0.149342 6.959029 -8.463251 15.608046 -14.225731 40.959253 -22.997822 -36.623911 -5.671336 11.824035 -4.974181 -6.482064 
0.092100 5.852646 -8.539496 14.770979 -12.658906 45.339045 -16.386697 -31.040961 -3.527595 9.363386 -4.356773 -6.270031 
0.173042 1.967726 -7.894635 13.454121 -10.783639 51.595128 -6.561580 -6.246136 -4.067703 5.643861 -7.116781 -5.423806 
0.280792 -1.590038 -6.727018 10.262624 -9.191931 56.295045 7.949945 19.836247 -6.973620 0.951136 -10.267448 -4.384698 
0.243483 -2.665679 -3.704572 5.452878 -9.329531 61.207212 16.042495 41.344264 -8.913103 -3.169647 -8.190673 -4.871931 
0.275550 -2.442972 0.479769 -1.508095 -4.605373 61.586045 16.363553 52.506380 -11.653353 -6.837531 -7.798089 -4.071206 
0.383667 -1.115840 3.809470 -8.079783 6.600919 45.213120 10.126645 56.882130 -14.462070 -11.394097 -9.058473 -1.788948 
0.348983 1.573846 6.650121 -11.703654 21.741469 11.431728 5.972153 57.879464 -12.075303 -12.825772 -8.358798 0.535961 
0.261108 6.036229 8.312342 -14.596512 33.863376 -19.506138 5.655003 59.796297 -8.937286 -13.234406 -7.051206 2.940246 
0.139958 8.525204 8.225660 -16.257462 33.868707 -30.320280 4.210028 62.254214 -6.271386 -13.705206 -4.672198 3.156919 
0.063933 8.719612 8.027035 -16.366429 28.462619 -30.190447 5.021095 62.657714 -5.395970 -13.608514 -1.965773 1.343285 
0.079092 6.503512 7.696370 -16.200621 23.420077 -12.182705 6.300853 62.452297 -6.177570 -11.886006 -1.230631 -0.610789 
0.175967 3.135487 6.327461 -15.145404 11.363544 23.709603 8.758195 62.033380 -8.859978 -9.808472 -2.628773 -3.057548 
0.230800 0.365265 4.271964 -12.700746 -5.273423 49.632870 14.051953 59.571714 -9.958978 -7.316864 -4.895664 -5.156923 
0.103258 0.640796 0.969824 -7.436667 -17.264606 57.387545 18.396953 58.007380 -6.012086 -5.171506 -4.800964 -6.927473 
0.152317 0.642596 -3.098887 -2.225611 -22.126223 50.930628 17.311228 51.749697 -5.138003 -3.983314 -7.768873 -6.186631 
0.326217 0.570964 -6.181032 2.607032 -17.592948 35.894512 6.913737 29.864255 -6.772661 -0.787056 -11.708748 -4.347348 
0.334083 4.598479 -7.015905 5.244489 -12.864239 17.825070 -11.374313 -0.421786 -5.955403 2.927144 -12.036381 -4.003998 
0.286900 8.180954 -7.508968 6.321848 -12.138723 3.099245 -23.470388 -25.395195 -5.699536 5.834236 -9.189239 -4.578231 
0.207308 9.641079 -7.493317 7.469919 -11.134223 -0.903905 -21.927538 -33.084111 -4.409261 6.787736 -6.871873 -4.826731 
0.178000 9.022787 -7.976365 8.266163 -10.226814 1.584528 -21.004397 -30.931586 -3.499128 5.566153 -6.580164 -4.458823 
0.248075 6.707104 -7.780280 8.187841 -10.290931 9.123912 -16.757522 -15.131386 -3.835661 4.223569 -9.496289 -3.511039 
0.340733 3.346696 -7.051316 8.418103 -11.316706 22.072037 -4.026855 4.893314 -5.873145 2.181569 -12.099231 -3.118598 
0.325467 0.357522 -5.547791 6.900411 -10.021348 34.669303 12.054853 22.734305 -7.263845 -1.241764 -10.989773 -3.260981 
0.165758 1.183871 -2.178356 3.182899 -7.323423 45.121495 19.671103 36.313847 -6.677753 -4.167189 -6.137681 -5.323848 
0.245975 1.201546 1.466070 -0.930829 -2.206323 50.556128 19.264037 40.034355 -9.649320 -6.346822 -6.497731 -4.269764 
0.401983 1.379871 4.260245 -4.473626 7.927369 41.061295 11.787795 39.704464 -13.073536 -10.265806 -9.461339 -1.181206 
0.371108 3.457171 6.434764 -6.437961 18.978944 12.520770 5.558520 38.364889 -11.249328 -11.038106 -8.768514 0.295877 
0.266142 5.763479 7.869242 -8.483474 25.703077 -19.396255 5.835387 38.413147 -7.475336 -10.239822 -6.953989 1.024752 
0.194550 6.357246 7.924056 -10.792854 23.251536 -29.729397 9.311745 37.802039 -6.342561 -11.588414 -5.052173 1.534070 
0.201717 5.686362 7.983013 -12.144129 19.670269 -29.679538 9.977387 37.007739 -6.875853 -12.184281 -4.790006 1.271011 
0.244842 4.351204 7.831252 -12.488662 16.994086 -20.276472 7.041837 37.595222 -8.543911 -11.636047 -5.206764 0.225694 
0.296500 2.065096 6.921432 -12.701204 13.670169 0.294653 5.789137 37.902114 -10.852211 -10.662189 -6.260598 -1.422614 
0.268767 0.049611 5.321759 -11.971854 9.066236 18.656420 8.733078 36.912589 -10.422803 -8.861064 -6.105914 -3.462473 
0.117800 0.043928 3.097020 -10.189523 8.974077 30.779012 13.486237 36.339597 -6.305128 -6.766281 -4.093281 -5.335164 
0.126058 -0.445754 0.347593 -7.786952 6.571102 37.042403 17.374028 33.499072 -5.339261 -5.478764 -6.169114 -5.383898 
0.282667 -1.895025 -2.574454 -2.936496 1.026536 35.665270 16.670278 26.442572 -7.637603 -4.055797 -11.483498 -3.866664 
0.339092 -2.283895 -5.114374 2.629434 -3.952664 27.296203 7.313245 11.471764 -6.992153 -2.483756 -14.362939 -3.388156 
0.303025 0.327623 -7.593130 7.537867 -7.788198 17.621587 -6.422063 -6.811086 -4.753503 -1.095156 -13.900073 -3.517006 
0.260375 2.370321 -8.913003 9.703371 -11.458789 10.333053 -13.428730 -24.007186 -3.576945 0.427653 -11.809481 -4.642239 
0.211850 3.730237 -8.723789 10.981613 -13.600456 6.057620 -12.316138 -31.341911 -3.193545 2.474978 -8.899156 -5.761314 
0.198033 4.233887 -8.560073 11.110454 -12.765039 5.641512 -10.807672 -32.460586 -2.875603 3.019969 -8.083756 -5.961764 
0.232450 3.716471 -8.426661 10.615084 -10.727123 7.544062 -13.295713 -24.335211 -2.651345 1.774894 -9.713264 -5.164631 
0.294258 2.103687 -8.069092 10.242752 -10.245456 10.203428 -13.156522 -5.079861 -3.635895 0.194561 -12.090956 -4.236098 
0.363508 -0.632309 -6.662185 9.398313 -9.750589 12.326928 -1.538347 11.498805 -6.010486 -0.861397 -13.450798 -4.038164 
0.378117 -2.972933 -4.410020 6.356003 -10.646789 13.562912 13.493728 21.892155 -8.029536 -1.745189 -13.825648 -4.502398 
0.358442 -3.834194 -1.551997 2.358851 -12.947606 13.088053 23.848112 25.442264 -9.788761 -2.670414 -12.827248 -5.018806 
0.407733 -4.949475 0.561452 0.231060 -15.988864 11.336312 25.720512 22.859589 -12.028036 -3.490422 -14.353456 -4.225056 
0.451383 -6.284024 2.072771 -1.790017 -20.263356 6.074895 23.102178 13.602764 -14.287178 -4.105231 -15.168364 -3.754864 
0.470075 -8.318773 2.781862 -4.455938 -26.290914 -3.600222 18.995862 -7.603878 -15.431003 -4.661422 -15.800239 -3.480514 
0.476375 -9.664478 2.784361 -8.372781 -32.778906 -12.252363 12.887487 -29.025486 -15.663128 -5.007039 -16.040323 -3.351423 
0.468750 -9.982764 1.914055 -12.549629 -37.433923 -14.038647 15.343120 -34.557686 -15.293103 -5.508022 -15.548664 -3.152656 
0.426325 -9.537757 0.956964 -15.602671 -39.917639 -13.218197 24.585062 -29.697636 -13.798311 -6.001039 -14.772589 -3.014548 
0.406308 -8.923399 -0.001950 -15.816986 -40.661413 -14.055015 27.025678 -26.645016 -12.695978 -4.920864 -14.833849 -2.481048 
