0.496837 -8.499842 -0.259625 -2.833997 -32.358935 -23.805917 32.887462 -24.218158 -16.043856 -9.096158 -17.769461 -5.693172 
0.490412 -8.519349 -0.314847 -2.733753 -32.429368 -23.749075 32.808695 -24.382758 -15.642765 -9.289025 -17.824003 -5.710430 
0.462421 -8.263399 -0.388693 -2.678659 -31.367076 -23.507392 32.341978 -24.287591 -14.781906 -9.632033 -17.251894 -6.132605 
0.242396 -5.064522 -0.523850 -2.653790 -26.737160 -21.876650 29.000078 -19.963858 -8.710515 -11.538716 -10.008961 -8.644072 
-0.320829 -0.239828 -0.024419 -2.668074 -18.856343 -18.483117 17.648803 -15.211066 4.855744 -13.487800 5.658722 -12.182239 
-0.745113 1.094743 -0.323630 -1.955985 -0.732051 -17.087325 -3.588472 -13.811499 12.381802 -14.406416 11.193956 -15.887164 
0.340887 -1.115808 -1.011846 -1.400875 18.227249 -8.627717 -21.495997 -6.444666 -1.645856 -3.818749 -0.867361 -1.152418 
2.180787 -2.922915 -1.222519 -1.390197 31.159780 3.026250 -32.908387 5.140242 -14.509323 16.941046 -15.936803 29.496156 
2.679012 -0.937746 -0.899914 -1.127949 36.059267 11.200050 -40.858237 14.516384 -18.560148 13.429914 -18.041328 25.381028 
1.455021 -0.196015 -0.946771 -1.306677 29.809032 24.261975 -36.170057 28.670509 -16.803765 19.403955 -14.216978 25.095519 
-0.769446 3.224109 -0.579296 -0.867584 26.958640 38.271683 -32.988213 45.127926 -0.798165 -6.227824 -1.564861 -6.426065 
-1.064246 4.375049 -0.510085 0.016485 28.208465 34.348683 -35.941886 40.581767 2.722019 -8.353933 0.026081 -11.490997 
0.847587 -0.666145 -0.900887 -0.181576 25.259140 17.169375 -26.277205 22.524692 -12.865523 10.259826 -14.124111 16.793952 
1.974671 -1.849195 -1.148938 -1.417314 17.010407 -7.517942 -13.698580 4.672226 -13.779440 11.581143 -15.720903 16.646091 
1.304554 -0.660916 -1.311120 -1.385464 -0.190518 -13.873442 7.438253 -8.244508 -4.411798 10.369576 -5.188119 12.321254 
-0.430654 2.004703 -0.846004 -1.111182 -22.332576 -19.054425 25.012512 -16.425983 9.411569 -11.907783 12.073822 -10.725322 
-0.683763 2.041316 -0.228549 0.008238 -17.309710 -21.256108 15.370253 -17.877766 10.791069 -15.774750 13.414081 -13.889780 
1.151587 -0.647811 -0.578571 -0.340973 4.654140 -14.481942 -5.644522 -10.005691 -3.439481 10.649616 -4.365694 14.075397 
2.277404 -2.354400 -0.753562 -1.269544 22.909107 -8.326792 -25.896047 -7.557541 -11.000215 15.823603 -17.411336 15.283806 
1.767187 -0.812946 -1.064098 -1.189084 31.377999 -4.694708 -41.646222 -5.866208 -12.650873 17.671164 -18.394619 18.255812 
-0.285113 2.340310 -1.187368 -1.898612 29.777324 8.238717 -45.294139 14.638367 -4.945898 -2.278132 -6.210536 1.776443 
-1.510596 6.846440 -0.924183 -1.918561 36.326893 26.076425 -52.971403 38.862042 7.147319 -18.309933 3.672764 -16.783905 
-0.160838 3.359792 -1.022064 -2.396577 39.544190 14.272517 -52.428775 22.733609 -5.574648 0.377199 -7.723328 2.241685 
1.790929 -0.095200 -0.806138 -3.501513 33.497575 0.562533 -44.528861 5.721317 -15.897173 15.826653 -18.848253 21.951405 
2.204312 0.211529 -0.799449 -3.072195 18.929974 -4.721492 -23.394372 -1.505899 -10.863440 14.454146 -14.460353 17.166875 
0.918221 0.852840 -0.818540 -2.946472 -5.955301 -5.082475 6.228045 -6.757858 -0.681631 7.416149 -2.982769 7.532882 
-0.655954 3.100432 -0.343148 -3.209609 -30.081443 -13.085417 32.030637 -14.505358 12.728127 -12.618816 12.820764 -13.361130 
0.186579 1.030784 -0.156123 -3.234203 -20.481851 -11.645842 23.127403 -12.193149 4.411119 -2.349385 4.054214 -2.732935 
2.122512 -2.391292 -0.524058 -2.661641 5.772007 -5.590575 -2.426613 -6.490233 -10.654173 18.173654 -12.934419 25.573529 
2.697604 -1.965382 -0.544888 -1.829765 27.259915 -1.737750 -28.707289 -0.838366 -15.980306 13.982661 -18.615444 21.530561 
1.514146 -0.736503 -0.546941 -2.162566 33.108277 3.675883 -39.216350 5.949634 -18.155123 14.383525 -17.219003 18.387274 
-0.572479 4.082332 -0.001655 -1.654703 30.503182 22.918367 -37.937738 30.043076 -2.793731 -7.282191 -3.459194 -7.212995 
-0.914413 5.196549 -0.238986 -1.381751 37.395103 31.482158 -43.477998 46.361409 1.182985 -10.209725 -1.732578 -12.728522 
0.814979 0.617105 -0.271820 -2.008731 36.264141 22.813458 -41.285137 29.253892 -12.528890 8.447528 -13.428678 14.239832 
2.022271 -2.533820 -0.592541 -2.451434 28.138974 19.203650 -28.464480 15.120442 -15.321231 10.217674 -15.547078 18.229272 
1.484204 -2.097455 -0.898513 -2.435113 13.519949 20.511425 -9.837130 10.247626 -9.523790 13.968468 -7.013561 14.888070 
0.156087 -0.854301 -0.997404 -1.543179 -8.030068 15.587358 15.457478 6.254659 -0.638273 -3.476800 1.685622 -4.183297 
-0.104554 -1.938063 -0.292460 -1.028874 -27.443001 0.147225 35.860012 -5.809666 -0.384698 -10.057908 -1.582186 -10.897455 
0.230821 -3.345423 0.373145 -0.945817 -36.877968 0.213725 43.763453 -5.261599 -5.271440 -7.676600 -6.901244 -7.193514 
0.242137 -2.770447 0.237788 -0.680193 -42.483776 4.240058 45.424762 -1.165499 -4.457506 -6.840175 -9.035461 -7.630797 
-0.031971 0.835954 -0.235784 -0.798122 -44.207476 7.590175 43.273745 5.584817 7.392244 -6.464250 -1.147878 -8.352989 
-0.121829 2.720332 -0.300901 -1.588517 -44.881910 21.984417 38.563495 29.445159 27.490610 -3.668525 -1.562119 -9.123605 
0.807887 2.301682 0.208805 -1.876589 -45.542943 43.279775 37.863353 49.085384 24.939752 3.552654 -7.740478 5.682736 
1.592687 2.093307 -0.485735 -1.939661 -44.820076 60.944358 37.957678 43.858401 0.334910 13.311210 10.149256 18.335384 
0.968271 5.318057 0.595933 -3.076276 -37.082110 73.889525 38.843745 46.607142 -14.897348 5.426965 44.673622 17.319007 
0.562846 6.272999 2.466601 -4.250206 -31.189868 67.721275 42.229128 59.301209 -15.717556 0.096559 52.287689 22.900536 
1.301454 5.164182 1.966479 -3.268758 -37.004976 45.416667 43.556303 64.975209 -7.804848 16.117729 23.824556 25.153920 
1.124512 4.655115 1.119162 -0.061067 -41.463851 30.390642 34.477403 69.207376 22.138119 20.207529 -5.493394 15.714983 
0.307046 4.433140 -1.277660 0.759961 -39.881843 35.565525 25.667453 62.380292 45.125177 22.109889 -11.955661 -2.955697 
0.853704 2.509849 -1.780325 1.934844 -40.607551 45.227850 28.280503 42.664792 34.690677 22.704360 -13.393786 5.936104 
1.716737 0.753320 -1.794307 2.306809 -43.802768 53.851108 35.574253 28.607626 7.743194 26.455350 -1.255761 25.477645 
1.238029 1.635890 -0.340451 1.021854 -42.904051 60.714108 39.695687 38.617267 -15.789306 12.511067 33.527806 22.549032 
0.710529 2.796215 1.925773 0.040382 -40.478010 56.151358 42.903012 53.859367 -22.570856 2.388915 49.621972 24.640153 
1.449537 1.724741 1.166346 -0.224597 -44.761301 42.572158 44.785395 59.811542 -10.047923 18.026305 23.411947 27.793311 
1.361287 3.020399 0.454078 1.730654 -47.053126 34.716083 38.733053 60.896459 25.559194 22.119164 -10.811911 19.243380 
0.493254 4.638140 -1.975666 1.258690 -44.650426 43.403725 31.945270 51.988526 51.674385 24.561999 -17.823336 1.048429 
0.932971 3.718132 -1.810187 1.871074 -46.599568 62.180192 34.171303 40.367342 40.648569 23.766150 -16.019386 8.917104 
1.769929 2.481324 -0.815220 1.568212 -46.377576 67.274692 41.022537 43.755442 8.020577 26.257747 3.121556 32.180611 
1.270546 3.699265 1.389311 -0.211256 -41.583126 54.604117 42.380803 59.806317 -20.258231 9.110992 40.298339 28.465236 
0.662662 5.681990 3.418005 -1.690502 -38.388035 42.979017 44.320978 73.076626 -21.097515 1.174817 54.148897 28.517261 
1.344246 3.182682 1.730080 -2.664471 -43.249551 51.539567 44.929287 61.771959 -12.372165 15.755237 26.863214 31.741936 
1.349996 2.116968 0.601509 -1.651111 -45.699651 64.580108 40.713487 43.667076 24.381619 21.037555 -11.478044 19.051232 
0.520196 4.738974 -1.345356 -2.687606 -43.644135 74.292108 38.554203 39.589826 52.477435 25.002544 -21.901761 0.880198 
0.953129 3.956140 -0.780308 -2.032825 -42.615376 67.000192 41.937678 48.347876 42.743602 25.591916 -17.620519 8.728807 
1.805862 2.778615 0.454549 -1.693182 -42.313110 40.712975 43.744812 63.119626 8.945027 31.129125 4.400289 29.203445 
1.280971 4.893765 2.658525 -1.822343 -44.481676 23.801975 37.275378 81.364126 -17.175240 11.846679 42.164614 26.822845 
0.531629 7.151749 3.036450 -1.736775 -45.342543 25.288575 36.607895 84.448209 -15.099940 0.937592 56.521931 28.647211 
1.215604 4.658949 1.003466 -4.995619 -45.891593 38.381483 38.500212 56.802451 -12.048865 14.961692 33.384147 31.338570 
1.488512 2.763982 -0.721412 -4.870146 -46.115601 55.144792 38.212262 26.028201 17.370952 27.687147 -1.312853 23.982088 
0.622996 5.676940 -2.548703 -5.061401 -44.617276 71.646192 41.188653 20.885976 50.060852 29.993434 -16.080853 1.166807 
0.570412 5.217424 -2.150583 -4.934699 -43.781285 71.610358 40.920653 27.745801 49.052785 29.497159 -15.702836 0.310403 
1.601804 2.849740 -0.815690 -3.697185 -43.243926 49.399350 39.140687 42.265301 16.599285 28.243217 -3.452253 23.544749 
1.514437 4.411782 1.188717 -3.953863 -41.315168 35.040342 33.802253 65.330292 -12.970490 16.355601 38.888147 22.449161 
0.596987 5.955932 2.486127 -2.896022 -40.139851 30.327275 30.758570 81.262126 -17.399690 -1.904616 61.604547 26.500753 
0.948712 4.841457 1.825115 -4.572606 -41.661768 38.325158 37.525778 67.830209 -16.799606 5.132603 43.434172 29.099953 
1.466921 2.560299 1.053844 -4.721589 -44.017843 53.384183 39.717895 32.809609 4.703260 23.246496 2.771939 26.838560 
0.856596 4.026540 -1.099217 -4.455253 -42.879018 72.745025 43.813737 13.433601 40.192977 21.845058 -14.391053 5.550888 
0.445179 4.754157 -1.731769 -5.908689 -40.784460 76.858108 44.971803 13.989951 50.002402 19.521678 -13.303469 -1.976080 
1.235587 3.618899 -0.367505 -4.797582 -39.881435 49.739158 42.675470 29.989534 23.544935 21.020250 -11.326936 14.185262 
1.569479 2.397657 0.626813 -3.479297 -37.621401 18.646250 39.084737 52.912842 -10.001348 16.014340 16.912647 20.083007 
0.893996 4.217057 2.332581 -1.210020 -36.160493 5.821517 33.567820 75.691126 -21.735340 0.930359 49.026214 18.024239 
0.825087 3.234840 2.049355 -0.308725 -35.126776 2.071783 35.886495 73.624542 -23.300331 -1.444883 49.704464 20.090895 
0.962446 0.807220 1.871088 0.964727 -35.695085 7.420192 37.809953 59.946126 -26.057515 0.232784 29.073347 17.181903 
0.709187 -0.794196 1.648731 4.477246 -34.347901 9.979600 38.528078 48.674367 -18.590706 -2.249725 2.830581 8.350010 
0.504487 -1.872537 0.818402 6.188759 -30.095735 12.264067 38.170753 42.901442 -12.036798 -3.609133 -14.141294 -0.279591 
0.473571 -1.192280 -0.358703 5.385204 -27.349735 16.766683 34.616537 42.721059 -10.796065 -3.771908 -16.315044 -2.044697 
0.485829 -0.662699 0.085873 4.774579 -26.140385 17.968750 29.332587 40.234459 -8.385206 -1.603391 -15.856011 -2.514255 
0.444629 0.322632 0.369569 4.721314 -24.600885 13.964058 25.456928 28.145467 -4.466431 -2.739358 -14.078269 -3.485822 
0.308162 0.819169 -0.059719 4.242666 -21.240943 3.231917 21.615578 6.082842 -5.258648 -5.858050 -8.782753 -5.106180 
0.118637 1.453536 -0.151252 4.079648 -13.880068 -13.022783 15.190445 -17.436274 -1.506448 -8.028691 -3.042794 -7.248889 
-0.361754 2.478574 -0.157221 3.586173 -4.794618 -19.379975 5.685487 -25.928483 6.279735 -11.383650 5.320539 -13.104405 
-1.287629 4.776207 -0.019723 2.839659 0.096382 -17.145942 4.041553 -21.933316 23.179660 -12.941300 22.011406 -16.628364 
-2.671154 6.834315 0.052058 1.882876 4.685374 -16.152483 3.392637 -21.178974 42.680235 -13.917191 42.380006 -19.588897 
-4.186954 8.439182 0.026642 1.468944 8.315199 -17.018692 1.708795 -20.007208 60.049444 -12.443500 60.534664 -19.435764 
-5.647771 9.420315 0.138119 1.175539 9.367274 -16.965300 1.426803 -18.600749 74.646860 -7.641716 75.102547 -18.017347 
-7.089517 10.351215 0.357691 1.042438 8.595590 -16.203467 1.900612 -17.543641 87.134110 -4.733191 88.451464 -19.932055 
-8.436913 11.631032 0.516510 0.974990 7.770240 -15.929508 2.675920 -16.780749 97.493027 -0.634558 99.875547 -23.086930 
-9.491853 13.088657 0.582590 0.852036 6.897074 -15.740450 3.673387 -16.992566 105.093694 2.935831 107.819464 -25.809489 
-10.014690 13.312424 0.579872 0.630070 6.041149 -15.514633 4.036337 -17.196699 108.572860 8.910414 111.292297 -25.962622 
-9.985588 12.668199 0.597024 0.611383 6.261182 -15.915600 3.476620 -16.929524 108.168360 11.017878 110.549297 -22.677630 
-9.507542 11.747557 0.486465 0.457088 7.188615 -15.979267 2.365270 -16.444299 104.749610 10.734050 106.370464 -17.873430 
-8.613910 10.547765 0.429449 0.367132 7.133599 -15.754225 2.317395 -15.888766 98.751027 7.212318 100.550464 -21.561272 
-7.401553 10.051207 0.367118 0.332562 5.774115 -15.637508 3.431637 -15.645258 89.883860 4.361379 91.501131 -19.349630 
-6.007904 9.535540 0.157049 0.428673 5.071099 -15.660392 4.179837 -15.540458 78.467944 7.098700 80.196797 -18.412947 
-4.509471 8.930257 0.197427 0.491741 5.192574 -16.075308 4.049912 -15.474116 65.160527 8.196429 66.002214 -16.701697 
-3.009604 8.035932 0.057590 0.590177 5.056407 -16.617525 3.390820 -16.048066 50.379052 7.963559 50.364031 -14.276655 
-1.541971 6.936707 -0.007425 0.437698 5.039715 -16.887058 5.251903 -15.368299 34.067544 8.249004 32.938789 -9.813272 
-0.237971 5.119774 -0.068495 0.396782 4.958615 -17.360992 7.017712 -14.966533 16.378444 7.557237 13.924122 -3.163672 
0.715704 1.690714 -0.029638 0.499135 3.713557 -17.253808 6.645687 -15.242249 -0.478331 6.468984 -3.570353 3.951156 
1.063704 -1.329830 -0.109926 0.915648 2.912324 -16.967267 5.999103 -15.552983 -10.350331 4.674346 -13.518828 6.580325 
1.058771 -1.842235 -0.040700 1.130655 2.390190 -16.681975 6.564212 -15.929758 -11.803831 3.942325 -15.578086 6.087121 
1.083821 -1.903785 -0.094954 1.097301 0.651215 -15.702183 8.095287 -15.925133 -11.215773 4.810425 -14.773828 7.149555 
1.031279 -1.459523 -0.065970 0.989781 -0.350285 -15.397300 8.317887 -15.291741 -8.849565 6.357253 -10.765953 8.512145 
0.645871 0.468797 0.064107 1.122536 -0.414168 -15.185492 8.510995 -14.705458 -1.039340 7.469627 -1.390403 6.108159 
-0.076204 2.384117 0.400773 1.733311 -0.611385 -14.463100 7.578720 -14.834299 11.958069 7.813132 11.229431 0.358736 
-1.094571 4.230765 0.485743 1.758034 -1.293101 -13.255633 7.871070 -14.731791 26.500052 3.215342 26.650097 -4.699764 
-2.406338 5.626090 0.346977 1.383279 -1.195193 -12.810733 8.483662 -14.226524 42.297802 -1.277583 42.389397 -10.834330 
-3.941021 6.747524 0.217508 1.224074 0.372715 -13.007842 8.248703 -13.720158 58.344027 -2.083533 58.205847 -17.064472 
-5.530513 8.036949 0.414910 1.160923 1.563357 -13.588050 7.421353 -13.768199 73.418694 -3.033050 73.930131 -18.665030 
-7.089568 9.281157 0.555956 1.326077 1.318257 -14.215050 6.346778 -14.536216 87.343444 -4.852466 88.546131 -23.139014 
-8.496935 10.315590 0.772560 1.672320 0.808707 -14.321158 6.312920 -14.523508 99.002444 -5.541841 100.498964 -26.457097 
-9.552815 11.881499 0.839339 2.036589 0.410007 -14.319017 7.489562 -14.550174 106.557777 -0.181341 108.468381 -27.998405 
-10.139252 13.326682 0.774516 2.063217 0.187407 -14.534650 8.576695 -14.597583 109.880527 7.830832 111.744297 -27.487439 
-10.182675 13.689282 0.790324 1.912299 -0.253660 -14.365442 8.594770 -14.463124 110.024860 9.858119 111.258047 -27.279122 
-9.559910 12.901774 0.755969 1.802740 -0.925118 -14.360900 8.635553 -14.694458 105.755610 6.007046 107.020714 -26.192405 
-8.348673 11.745240 0.678953 1.695289 -2.006668 -14.308908 9.243020 -14.604274 96.925527 3.604001 98.369547 -18.360272 
-6.819619 11.057715 0.533478 1.727524 -1.976101 -14.121642 9.609812 -14.489299 84.647610 3.716292 86.225964 -11.582447 
-5.143054 10.474299 0.380364 1.528332 -1.138685 -14.106108 9.526303 -14.162199 70.098194 3.821175 71.965214 -8.480547 
-3.432438 9.546549 0.267811 1.496389 -1.135768 -14.106417 9.203403 -14.250308 53.753160 5.309995 55.642339 -6.470297 
-1.796854 8.467407 0.330817 1.428760 -1.377193 -14.074075 9.572245 -14.455016 35.950752 6.826388 36.896106 -5.074397 
-0.462363 7.119282 0.447808 1.297624 -1.614768 -14.103142 9.378337 -14.366674 17.817477 5.818993 16.640297 -3.670930 
0.367796 4.589640 0.452791 1.388633 -1.354493 -13.386733 8.218270 -12.886533 1.965602 3.188667 -1.403536 -1.658772 
0.556279 1.630465 0.243298 1.637223 -0.891743 -8.625692 7.045753 -6.787833 -7.908306 -2.600966 -10.911869 -1.509980 
0.478787 0.692904 0.127329 1.933469 -3.068351 -0.745150 7.789820 -0.693491 -11.817481 -7.619325 -13.688953 -2.703314 
0.566546 0.507384 0.321625 2.030477 -9.584501 7.695542 12.131162 5.427301 -13.954923 -7.233433 -13.493203 -0.996355 
0.590371 1.017729 0.790706 1.940900 -18.002826 16.061067 16.218745 12.099992 -14.937348 -7.165866 -9.282661 -2.164439 
0.465287 1.372310 1.494081 2.547924 -22.324643 19.498233 19.290312 18.625426 -11.926773 -8.709383 -6.015244 -5.635855 
0.353279 0.064456 0.515112 1.101151 -19.730635 17.033983 22.667612 25.697076 -6.846390 -12.616308 -7.289386 -4.059872 
0.425962 0.854605 -1.313534 -0.062145 -15.010535 8.725117 27.478887 31.481234 16.813519 -2.693908 -13.681786 -1.079922 
0.604854 4.272715 -3.673716 0.697149 -14.090768 1.202333 30.192453 37.384784 48.414710 3.731459 -20.846519 3.904711 
0.758871 9.966915 -6.157686 1.559544 -15.456276 -2.460217 31.885012 48.388651 66.041694 8.833104 -26.676003 8.196529 
0.716237 15.810782 -8.197539 1.282540 -16.365243 -5.102908 30.658445 64.375542 68.695194 12.646345 -22.933719 8.420285 
0.484479 19.309007 -8.521171 -0.463372 -14.005526 -7.381850 27.267445 73.087042 68.137527 15.458120 -14.028586 5.954150 
0.366229 19.217107 -7.876740 -2.199176 -11.674485 -10.353200 26.606845 71.517626 68.005360 15.673583 -10.315061 4.951453 
0.449171 15.054565 -6.936050 -3.017074 -12.193335 -6.598283 26.581603 65.658376 64.135610 12.046002 -11.938836 4.236941 
0.563529 8.360865 -4.821805 -3.655727 -11.972551 3.022000 26.682495 54.341592 48.445660 4.365907 -16.031978 2.299566 
0.557787 1.897295 -1.006591 -4.298777 -13.946043 11.163175 26.309603 38.385584 21.305269 -1.914808 -17.004936 -0.821522 
0.381262 -0.898954 3.931474 -5.277872 -20.806768 14.830450 20.115562 24.232759 0.006419 -3.828341 -7.447494 -4.455080 
0.360387 1.053181 5.850839 -6.786030 -29.138710 15.990867 12.927878 8.261742 -9.108523 -4.416508 14.558139 5.757439 
0.561737 2.748582 7.118053 -7.315681 -30.659943 21.990817 12.469378 1.150517 -17.046631 -1.645175 41.622181 8.450315 
0.941662 4.929274 9.097680 -3.370050 -29.069768 28.992842 11.901970 4.382134 -27.878973 1.307892 56.684956 12.515052 
1.155187 9.234074 11.288456 1.355577 -19.403935 38.389900 9.516145 7.858034 -36.862206 4.541254 57.887881 17.266185 
1.017871 13.778849 12.357506 3.489599 -5.300910 47.746717 5.726645 8.261701 -32.081948 3.747217 53.236356 20.946969 
0.770854 15.091957 12.367256 3.902819 -0.545285 50.261775 5.910270 4.998067 -23.126965 2.291767 51.158856 22.396879 
0.670504 13.223340 11.819323 3.302126 -3.944526 47.686850 7.976095 4.380559 -18.052581 1.131625 53.009456 23.304020 
0.680154 8.837699 10.394595 1.749362 -9.251501 44.734675 9.542020 6.655884 -16.708165 0.786450 50.544006 22.643984 
0.655562 3.547015 7.363660 -0.358915 -15.735035 42.979575 10.201962 9.558392 -16.586656 -2.259475 33.229639 19.449142 
0.476487 -0.983607 1.659486 -2.292143 -14.674401 41.235900 15.392487 11.625184 -11.384723 -9.978108 7.891047 6.451660 
0.344837 -1.330210 -4.409527 -4.955976 -7.963068 35.178300 25.283995 11.430051 4.915760 -11.066316 -5.939269 -2.647272 
0.411037 1.149298 -7.096366 -6.103351 -3.635618 26.699850 32.204953 13.163017 32.550985 0.436934 -12.896586 -1.514422 
0.604104 4.554965 -9.845751 -6.821979 -2.712160 20.431158 34.941278 15.608792 53.377127 2.855727 -22.011344 1.894894 
0.638312 10.440849 -11.726385 -7.294701 -3.075510 18.716150 25.250928 18.062242 63.309444 7.885245 -27.370161 4.552199 
0.497871 16.358990 -12.240677 -8.915878 -2.146401 20.163033 6.775653 24.052542 63.530444 11.472559 -24.922336 4.156687 
0.278587 17.791699 -11.706319 -9.219213 -3.049618 18.844342 1.008812 27.910109 61.187110 12.845453 -18.710519 1.865809 
0.181662 16.087090 -11.213619 -8.386265 -6.134451 19.328192 3.195045 27.550401 58.285194 15.492724 -15.004453 -0.033564 
0.216096 11.579090 -10.373321 -6.182682 -8.490468 23.012608 8.424987 27.306942 52.770194 15.930417 -13.608144 -1.467064 
0.347037 5.138074 -8.293352 -3.851581 -9.869943 26.685583 17.880637 28.306617 38.498435 11.151380 -15.614761 -1.604955 
0.364062 0.083815 -3.919325 -1.367985 -12.984726 29.216833 22.516478 28.395426 14.921077 5.632134 -14.837436 -3.117705 
0.264604 -1.783561 1.158633 1.990709 -19.768435 28.930608 14.314545 26.237009 -3.325798 -2.529250 -6.896978 -4.563522 
0.290596 0.703873 4.827090 4.377752 -24.707535 30.049792 4.602237 22.363551 -9.788365 -3.761108 15.751531 7.457372 
0.568746 2.748307 8.152377 4.499484 -23.529768 33.999283 3.478720 20.929117 -17.694781 -2.473766 38.660422 10.395930 
0.909821 5.595407 10.708697 3.980645 -21.434468 37.916758 0.716687 20.188317 -28.212515 0.054075 49.554772 12.336216 
1.079071 9.541507 12.704740 3.164531 -14.884918 40.658433 -2.373455 19.018126 -37.629751 3.876554 52.957022 16.305355 
1.082287 13.025015 13.209748 2.084283 -6.274051 43.447233 -0.832147 17.821192 -38.936071 5.182235 52.549297 20.274546 
0.974754 13.709832 12.918273 0.826221 -3.628635 43.301817 3.443953 16.415192 -34.880606 4.240869 54.267164 21.851873 
0.892221 11.674115 12.029240 0.037926 -6.739476 41.523442 5.718203 16.958667 -30.659590 2.024959 56.460547 23.633128 
0.822037 7.090274 10.811305 -0.742718 -10.400468 41.148200 4.154612 18.646434 -25.993831 -0.783525 47.778039 25.196428 
0.610262 1.840166 7.846388 -1.917997 -12.467593 41.048375 2.063570 19.771867 -19.424298 -4.400200 22.588972 20.010535 
0.281271 -2.120688 2.776180 -3.211636 -7.638026 40.009408 5.391295 19.877559 -7.795181 -9.892150 -1.897186 -2.235770 
0.171587 -0.949431 -1.857101 -5.613911 -2.780010 38.311083 12.908445 18.790859 11.702544 -3.923858 -8.319294 -6.377847 
0.344262 0.861395 -4.584066 -5.683418 -3.048335 36.512975 18.516487 19.477467 33.113185 1.600325 -14.178228 -4.128039 
0.615421 3.748024 -7.572043 -5.389567 -3.009218 35.526083 21.301403 22.558584 49.490552 5.013075 -21.361478 0.173578 
0.745821 10.076407 -10.462056 -5.149070 -4.116226 33.882592 16.223395 24.157517 57.116777 9.233291 -25.209711 3.221907 
0.688287 15.450040 -11.787435 -5.939728 -5.022151 33.723850 5.314745 23.338684 56.562360 11.989220 -22.148394 2.739021 
0.569879 16.893824 -11.503685 -5.982208 -5.536068 33.615417 0.781928 24.907059 55.008027 14.024815 -17.268028 1.222320 
0.552487 14.622890 -10.586902 -5.365786 -6.813785 34.287350 3.769887 24.855934 55.512694 16.275884 -15.988844 0.864270 
0.681112 10.324457 -9.032544 -4.171606 -6.709193 35.827958 12.673195 25.170617 47.523494 19.522386 -18.544911 1.774253 
0.670462 5.211299 -6.568900 -2.537524 -8.250860 34.673650 26.256212 25.720459 24.315844 17.716281 -19.296686 0.613586 
0.469004 0.401386 -2.719925 -1.456070 -14.436293 30.315000 31.744103 21.800551 -2.080548 9.981148 -13.458128 -3.695114 
0.306146 0.453245 0.679002 -0.396724 -19.195810 19.934283 27.315528 11.454401 -9.357331 2.773342 -7.557919 -5.789430 
0.336454 -0.206600 1.066226 -0.468962 -14.303493 5.443242 18.499978 -4.544891 -9.470223 -1.110275 -5.468303 -2.959864 
0.434596 -1.357685 0.428294 -1.528112 -0.761018 -7.466025 2.024703 -13.935699 -12.500531 -4.152041 -7.135203 -1.195322 
0.439579 -2.818851 -0.063305 -2.362840 20.659049 -16.242533 -17.988597 -16.288833 -13.369323 -6.205466 -13.832003 -1.507330 
0.416929 -2.822862 -0.097430 -2.560837 39.679023 -17.483275 -34.067919 -14.741866 -13.567890 -6.962258 -17.038903 -1.245789 
0.428296 -2.880530 -0.143268 -2.229434 44.172548 -14.923292 -40.949611 -13.921633 -14.094598 -6.759558 -17.446103 -1.883905 
0.441021 -4.455790 -0.054093 -1.918068 34.503329 -14.765967 -35.760176 -12.716274 -14.914023 -5.808400 -16.983628 -2.548639 
0.449204 -5.588391 0.078136 -1.572792 21.483499 -17.391042 -24.453963 -12.897841 -15.739790 -4.632708 -16.646153 -3.057539 
0.456712 -5.927581 0.137606 -1.801779 18.690074 -20.061200 -17.787897 -14.192791 -16.507065 -4.187433 -16.191728 -3.807697 
0.457821 -5.476078 -0.055713 -1.743002 28.971577 -22.364950 -22.026697 -15.674166 -16.987823 -4.796008 -16.366194 -4.145105 
0.452112 -5.718206 0.050483 -1.152653 39.736662 -21.375083 -32.780550 -16.174566 -16.959098 -5.047700 -16.874961 -4.505222 
0.442212 -7.117176 0.434104 -0.538872 38.054785 -18.365000 -36.016413 -15.439058 -17.180323 -4.522600 -17.290011 -4.821222 
0.436587 -8.914089 0.358902 -0.307773 25.973974 -18.069817 -27.916580 -15.989866 -17.223848 -4.418633 -17.702553 -4.895955 
0.430446 -9.717277 0.173730 -0.252304 15.214290 -19.694033 -16.248080 -16.326199 -17.117415 -4.542850 -17.659594 -4.884147 
0.433271 -9.193760 -0.074639 -0.424445 13.014857 -21.411675 -10.657605 -17.491633 -17.098173 -5.216458 -17.296311 -4.860589 
0.446304 -7.957867 -0.188740 -0.649440 22.411732 -22.455183 -16.151713 -18.519749 -16.952323 -5.859166 -17.280803 -4.742755 
0.471687 -7.277021 -0.244271 -0.767338 34.412531 -20.734092 -25.823288 -17.856341 -17.164206 -6.144000 -17.248961 -4.536097 
0.492546 -7.005131 -0.413095 -0.531794 36.105261 -17.896050 -30.498547 -16.146366 -17.250590 -6.197941 -17.466953 -4.165055 
0.505712 -7.267500 -0.286537 -0.448774 27.554415 -16.909267 -26.214122 -15.352216 -17.144698 -5.482825 -17.546253 -3.800580 
0.518571 -7.442086 -0.102319 0.041741 16.366924 -17.590650 -17.370213 -16.325358 -17.129898 -4.602150 -17.444478 -3.500130 
0.523404 -7.451026 -0.087551 -0.317224 11.350599 -18.682450 -10.552755 -16.837683 -17.133823 -4.518891 -17.257803 -3.395914 
0.518596 -7.195013 -0.341008 -0.606350 16.720199 -20.153333 -12.144797 -18.365908 -16.859265 -5.208025 -17.273028 -3.410880 
0.512929 -6.855287 -0.448031 -0.882999 28.557374 -20.580658 -22.034372 -18.964766 -16.827498 -5.860475 -17.261836 -3.609389 
0.513187 -7.049623 -0.347526 -0.868009 32.482674 -18.260425 -30.017513 -16.680199 -17.046631 -5.732900 -17.285953 -3.787797 
0.509746 -7.353370 -0.062971 -0.531418 23.857015 -16.722933 -26.267847 -15.335258 -17.025490 -5.151958 -17.075236 -3.771672 
0.500429 -7.376205 0.063505 0.274148 10.141074 -16.725108 -13.430097 -14.518858 -16.711015 -4.636733 -16.527653 -3.632205 
0.474087 -6.831329 0.131121 0.460748 -2.571735 -16.849342 5.380470 -13.257149 -16.038940 -4.416291 -15.665561 -3.637689 
0.458754 -5.836340 -0.175106 0.582597 -8.368276 -18.086433 17.756445 -17.304008 -15.665856 -5.108000 -15.361828 -3.610214 
0.468862 -4.842439 -0.808908 0.900269 6.088849 -20.243842 3.706762 -24.286258 -15.720906 -6.412783 -16.026019 -3.585064 
0.474712 -5.286811 -1.304260 1.712734 35.152994 -19.740850 -30.941296 -25.201908 -16.063465 -7.380241 -16.294453 -4.063497 
0.469329 -6.027300 -1.463512 2.052641 57.085825 -14.686092 -53.090103 -17.996541 -16.362265 -7.764758 -16.305669 -4.578955 
0.455012 -6.199795 -1.238621 2.235697 67.977732 -12.211708 -67.683288 -12.907116 -16.578040 -7.501408 -16.032911 -4.998305 
0.435771 -6.318087 -0.812548 2.178586 58.350751 -13.521508 -56.949752 -14.040991 -16.353865 -6.897916 -15.728836 -4.953139 
0.447296 -6.798134 -0.548558 2.087534 34.907010 -16.069050 -35.894248 -17.611774 -16.497765 -6.141483 -15.519728 -4.387430 
0.483946 -7.822697 -0.321271 1.663366 16.439090 -19.224675 -18.678538 -20.316599 -16.727415 -5.385891 -15.908436 -3.327255 
0.516462 -9.055012 -0.134104 1.125669 -3.560126 -21.089442 4.395528 -21.765166 -16.997865 -4.647666 -16.350819 -2.383414 
0.528479 -9.338760 -0.135811 0.239513 -23.799826 -20.453008 24.559953 -19.913166 -16.980223 -4.553550 -16.690736 -1.904714 
0.529304 -8.842734 -0.026008 -0.476428 -33.831460 -19.796692 36.698237 -20.386124 -16.975415 -4.791008 -16.687836 -2.161872 
0.528354 -8.163489 -0.306684 0.107334 -20.779918 -21.906825 24.702295 -25.163208 -17.095540 -5.511783 -16.955494 -2.769397 
0.514746 -7.128926 -0.611460 0.794639 15.609282 -19.877683 -15.165330 -23.595158 -17.099190 -6.329258 -16.954736 -3.539689 
0.506971 -6.672591 -0.785365 1.671774 44.900381 -13.842083 -45.918609 -15.867708 -17.003448 -6.841291 -17.010286 -3.992039 
0.488437 -6.471995 -0.574471 2.247147 59.798690 -11.273892 -60.257055 -10.935999 -17.011606 -6.866408 -16.933119 -4.324097 
0.470262 -6.319734 -0.481570 2.760249 53.075601 -12.743775 -55.883903 -11.741049 -16.809065 -6.471908 -16.488628 -4.371322 
0.476312 -6.845234 -0.406930 2.559967 31.423707 -16.790067 -36.265407 -16.466066 -16.948548 -5.815441 -16.180294 -4.000139 
0.499371 -8.107600 -0.251183 2.313987 12.456024 -19.277033 -17.395397 -20.081283 -17.137123 -4.982350 -16.376944 -3.297122 
0.519446 -9.401041 0.058994 1.701764 -3.700593 -21.460000 5.900253 -23.219549 -17.360365 -4.479191 -16.667261 -2.638039 
0.530446 -10.264129 0.141864 1.355636 -18.956835 -22.572050 26.411745 -23.330641 -17.430823 -4.528950 -16.815811 -2.239497 
0.528821 -9.956006 0.149557 1.334147 -28.898535 -22.693683 36.953762 -23.523858 -17.087956 -4.635683 -17.089436 -2.288380 
0.534537 -8.701547 0.304390 1.458413 -24.772360 -23.191542 30.867037 -25.887783 -17.264556 -5.200433 -16.992794 -2.780022 
0.529154 -6.842387 0.355148 1.438254 1.276465 -23.597408 -2.114180 -26.752149 -17.036206 -5.983908 -17.039819 -3.254147 
0.522504 -5.971146 0.230031 1.841594 31.998550 -19.213850 -38.684002 -22.650408 -17.007948 -6.364033 -16.642269 -3.627480 
0.518487 -5.352590 0.184231 2.302091 54.457018 -14.998942 -58.679193 -17.543991 -17.103756 -6.475075 -16.413244 -3.753089 
0.512612 -4.764938 -0.004510 2.944277 59.198290 -12.769383 -62.737738 -15.791016 -16.962565 -6.154600 -16.524078 -3.514430 
0.517871 -5.246116 -0.107305 3.036121 41.847570 -13.690692 -46.169435 -15.961941 -17.084865 -5.217608 -16.452294 -3.127264 
0.532204 -6.388436 -0.070634 2.986464 21.138257 -16.517875 -26.105563 -16.683958 -17.241090 -4.353258 -16.561803 -2.567122 
0.546579 -7.635756 -0.017210 2.670357 6.496549 -19.989700 -6.729805 -18.051858 -17.425523 -3.729866 -16.650944 -2.055930 
0.554112 -8.411249 0.098765 1.718285 -5.626301 -23.073075 7.891828 -20.183574 -17.371148 -3.598400 -16.942253 -1.809380 
0.556996 -8.318417 0.388621 0.761003 -6.056885 -22.746392 12.588728 -21.599274 -17.441056 -3.805433 -17.140711 -1.990705 
0.557246 -8.325747 0.229432 1.143615 4.040632 -19.383533 3.716312 -22.037258 -17.447006 -4.844341 -17.594319 -2.422680 
0.552737 -8.046384 0.014954 1.763323 17.232574 -18.348433 -11.303288 -21.462749 -17.594481 -5.773750 -17.740753 -2.921530 
0.544596 -7.844313 -0.032722 2.046220 25.761807 -16.819125 -22.561030 -19.668783 -17.689556 -6.030091 -17.658919 -3.226680 
0.544362 -8.077242 0.092947 2.560554 25.994257 -17.061050 -25.542255 -19.212116 -17.843290 -6.121583 -17.844061 -3.282847 
0.533871 -8.446056 0.343590 2.888133 19.837332 -19.050450 -19.494538 -19.718499 -17.671523 -6.071425 -17.727286 -3.344347 
0.517546 -9.137357 0.429140 3.296110 13.925657 -18.180167 -13.669763 -18.065583 -17.359098 -6.136216 -17.581936 -3.348989 
0.504879 -9.401930 0.553156 3.846783 16.968857 -15.330708 -17.341805 -14.885808 -17.254665 -5.975925 -17.509003 -3.540264 
0.509371 -9.410857 0.456139 4.473861 27.003740 -14.306850 -27.808263 -15.511183 -17.572173 -6.264850 -17.411403 -3.748830 
0.513496 -8.900355 0.168365 4.651870 38.087453 -13.926550 -38.324239 -15.365783 -17.677040 -6.854383 -17.311203 -3.891139 
0.516621 -8.150142 -0.186417 4.795925 41.758790 -14.196117 -40.094375 -13.052824 -17.408931 -7.192375 -17.483103 -3.767464 
0.520021 -8.446096 0.106395 4.200259 33.181390 -16.293583 -30.730143 -14.943533 -17.291406 -6.669716 -17.709461 -3.517839 
0.515504 -8.542613 0.137862 3.162425 17.898699 -16.729467 -16.263447 -17.356233 -17.017090 -6.179458 -17.797819 -3.226647 
0.511746 -9.316000 0.059351 2.020171 9.200215 -16.186042 -9.165413 -16.855258 -16.752223 -5.453666 -17.733419 -3.016805 
0.517487 -9.290289 -0.025743 1.469214 12.056590 -14.730733 -14.532747 -15.726891 -16.935898 -5.135625 -17.731469 -2.999630 
0.525229 -8.554132 -0.010999 1.275464 22.922115 -13.438275 -27.923655 -14.745174 -17.192881 -5.192808 -17.739836 -3.265564 
0.531654 -7.198094 -0.026560 1.060647 36.364012 -13.016750 -42.616422 -13.888841 -17.485423 -5.338600 -17.481453 -3.603280 
0.537462 -7.049736 -0.035057 0.458606 40.949767 -14.375642 -45.225067 -14.390499 -17.461731 -5.714525 -17.490386 -3.645547 
0.538937 -7.135074 -0.274095 0.698009 28.779200 -16.714533 -35.813110 -16.029124 -17.401340 -5.725858 -17.548978 -3.541714 
0.529629 -7.715087 -0.119366 -0.502216 11.713974 -18.610775 -20.839680 -17.751783 -17.021973 -5.088225 -17.443344 -3.436780 
0.522262 -8.287914 -0.077316 -1.177090 5.041749 -16.982150 -12.714263 -15.010724 -17.104456 -4.689991 -17.021394 -3.514914 
0.519004 -8.143927 -0.420136 -1.073776 9.680507 -13.925650 -16.738113 -12.678699 -17.291273 -5.480750 -17.021011 -3.488805 
0.526679 -7.478787 -0.496131 -0.511779 21.160382 -11.886425 -28.055555 -12.882766 -17.443598 -5.819700 -17.359394 -3.465022 
0.538979 -6.107355 -0.304586 -0.405145 37.718160 -11.428150 -41.426673 -13.310083 -17.503240 -5.950158 -17.476003 -3.488655 
0.560446 -5.563269 -0.413883 -0.412329 44.909089 -12.648600 -42.835888 -16.149566 -17.693798 -6.475316 -17.478869 -3.297430 
0.578087 -5.840026 -0.470185 -0.159494 33.150491 -16.878283 -27.916590 -21.173616 -17.891231 -6.639850 -17.681828 -3.090005 
0.574129 -6.812852 -0.316405 -0.377684 9.417615 -23.945817 -2.300663 -26.729658 -17.739706 -6.473050 -17.608444 -2.961072 
0.563687 -8.053086 -0.371221 -0.352943 -20.903460 -28.312517 27.847545 -30.530399 -17.354448 -6.022150 -17.031986 -2.765889 
0.548546 -9.170343 0.015030 -0.152057 -36.988176 -27.628333 35.947603 -27.116924 -16.970790 -5.046408 -16.764628 -2.604222 
0.530471 -10.141460 0.229509 0.172102 -27.630493 -21.577317 16.489312 -18.542341 -16.959681 -4.671283 -16.873778 -2.791264 
0.509887 -10.949215 0.199806 0.578053 -4.620176 -14.833533 -10.467138 -12.145274 -17.172773 -5.152725 -17.107319 -3.596080 
0.490329 -11.038066 -0.069547 1.305896 18.015015 -9.513483 -32.969170 -9.107549 -17.646515 -6.248975 -17.155494 -4.566455 
0.469721 -10.142104 -0.538190 2.108104 39.104490 -6.901708 -53.381795 -8.551316 -17.731665 -7.504558 -17.129519 -5.218322 
0.468954 -10.055190 -0.736741 2.388401 59.065560 -7.419675 -68.346380 -9.027383 -17.671306 -7.892391 -17.039786 -5.467330 
0.481379 -9.954511 -0.805426 2.522831 62.844315 -8.805125 -64.046863 -10.558483 -17.824481 -7.819391 -16.567344 -5.393730 
0.500779 -9.342140 -0.791239 2.370696 46.467587 -11.858792 -47.275332 -14.497941 -17.792581 -7.113400 -16.499794 -4.818564 
0.519412 -8.243782 -0.594341 1.845117 18.004107 -15.752950 -15.581647 -18.476391 -17.926640 -5.852558 -16.504594 -4.091997 
0.536521 -8.837400 -0.433608 1.197813 -15.542001 -18.503450 19.804162 -20.682883 -18.196248 -4.477216 -15.976336 -3.335347 
0.536512 -9.364511 -0.337295 0.522184 -36.040693 -18.521367 36.333012 -19.383833 -18.255756 -3.089291 -15.310661 -2.796280 
0.533696 -9.687674 -0.209398 0.360250 -36.549526 -15.528850 30.104403 -13.457374 -18.457265 -2.355225 -15.082728 -2.632980 
0.521062 -9.810801 -0.124178 0.475364 -21.406043 -9.155142 8.052387 -6.486883 -18.266948 -2.305300 -15.778703 -2.600422 
0.512646 -9.525286 -0.153442 0.572832 -1.991868 -3.550775 -10.619488 -3.250424 -18.350156 -3.217816 -16.106961 -3.030814 
0.500754 -8.539983 -0.119460 0.703193 13.652165 -0.530550 -21.453488 -3.067016 -18.411598 -3.890966 -16.214111 -3.642055 
0.496512 -7.249123 -0.069449 1.314865 29.930438 0.825692 -35.712242 -3.803874 -18.219465 -4.340150 -16.378936 -3.947439 
0.507621 -6.228908 0.053971 2.040230 44.885583 1.591692 -48.439658 -2.206083 -18.105390 -4.575200 -16.578519 -4.025964 
0.520137 -5.684203 0.180065 2.212136 50.568722 0.748292 -48.370001 -0.949541 -18.279065 -4.382650 -16.412686 -4.029764 
0.523804 -5.046468 0.228016 2.230474 47.173000 -4.649108 -40.402080 -6.564074 -18.573090 -4.383266 -15.893861 -4.017930 
0.529962 -4.918900 0.202405 2.557133 42.480508 -8.865000 -33.915605 -10.223316 -18.549356 -4.364125 -16.076578 -3.840347 
0.538496 -4.791715 0.210129 3.324847 36.903647 -7.747958 -29.265930 -8.066608 -18.414156 -4.468025 -16.270686 -3.696464 
0.550362 -4.566480 0.339818 3.650630 29.284340 -6.688950 -24.919997 -6.029816 -18.278656 -4.636950 -16.278711 -3.342714 
0.558287 -4.365556 0.573377 3.922004 17.210515 -8.812425 -20.927980 -7.210083 -18.135506 -4.990958 -16.047819 -2.959230 
0.559046 -4.422394 1.504163 3.688217 3.078307 -10.717625 -19.894563 -9.692824 -18.255356 -5.083408 -15.484469 -2.804639 
0.552846 -4.189996 3.093149 1.957628 -8.848751 -11.606092 -22.437113 -11.192341 -18.394856 -5.440150 -14.703528 -2.727155 
0.550704 -4.373152 4.962010 -1.375435 -14.801435 -11.804900 -26.306280 -11.771091 -18.713565 -6.966500 -13.894661 -2.699114 
0.536871 -4.281125 7.074370 -5.612225 -16.304301 -11.932233 -31.372580 -12.052283 -18.973148 -10.100883 -13.154944 -2.661472 
0.523179 -3.996861 9.193751 -10.423215 -17.359276 -12.131475 -39.595612 -11.939891 -20.082548 -13.077041 -11.655003 -3.092922 
0.484312 -4.238165 11.542498 -15.811186 -15.387460 -13.289117 -44.911515 -11.920883 -20.546865 -14.993241 -9.478269 -3.578980 
0.417571 -3.532734 12.661815 -20.222627 -12.823701 -14.697225 -50.384022 -13.032424 -19.928865 -15.471508 -7.315178 -3.893714 
0.338346 -2.945195 12.943381 -23.299419 -12.281243 -14.829592 -51.653150 -15.470666 -19.627215 -14.800150 -5.436228 -3.467422 
0.260871 -3.902111 12.932840 -24.421169 -13.614493 -15.804417 -51.267450 -16.370449 -20.101173 -16.299033 -4.667336 -2.971755 
0.115754 -4.634685 12.354206 -23.669419 -16.338576 -17.404308 -50.742426 -14.612908 -21.626906 -17.696741 -2.025853 -4.140922 
0.035779 -4.547615 10.711140 -22.723961 -17.728468 -19.052042 -43.895797 -13.229158 -21.133431 -19.732516 -1.552678 -3.534222 
0.086629 -3.990519 10.092444 -23.660536 -15.740168 -21.114708 -36.098401 -12.101124 -22.784315 -21.902566 -3.688086 -0.452755 
0.170537 -2.997713 10.643590 -25.127602 -12.672818 -22.323708 -35.702762 -12.108533 -23.629448 -22.454408 -5.798078 1.380245 
0.204321 -2.040080 11.341765 -27.428102 -9.597135 -23.743575 -40.167252 -12.683874 -22.584648 -20.989416 -6.301703 2.610959 
0.213004 -1.008745 11.957398 -28.085661 -8.045310 -22.519975 -45.723255 -15.158441 -21.908181 -18.694758 -5.579169 1.747703 
0.251979 -0.708735 12.096040 -27.351902 -10.050918 -21.157650 -47.443720 -14.885908 -20.657748 -16.929866 -5.850936 1.173828 
0.305512 -1.125092 11.613523 -25.791586 -15.579035 -14.277033 -44.073471 -11.081674 -20.538190 -13.777683 -5.560411 -0.470105 
0.355529 -1.815022 9.648930 -22.518027 -23.467851 -7.520908 -40.160347 -8.043416 -20.027206 -10.160925 -5.865994 -2.022689 
0.372737 -2.456101 6.603841 -20.252644 -26.171851 -6.275325 -29.785088 -7.272858 -19.934640 -6.682808 -7.336469 -2.840864 
0.371596 -2.615321 2.542828 -18.714727 -22.453643 -8.324183 -13.601622 -5.415324 -18.765873 -5.040800 -9.113869 -2.990922 
0.378596 -2.966904 -1.872817 -15.525894 -14.649218 -8.883900 1.662437 -4.295958 -17.417131 -1.852791 -10.927386 -3.061172 
0.385729 -3.382625 -5.637969 -10.545806 -4.843210 -6.557375 13.764970 -4.384474 -16.187198 0.861092 -12.808536 -3.136280 
0.377462 -4.183805 -8.038926 -4.415825 3.941099 -3.996000 20.303987 -6.304024 -14.738240 3.661134 -14.958936 -3.481464 
0.350279 -4.050944 -9.480084 2.598435 8.952957 -0.152117 21.404228 -9.090191 -13.493656 5.789979 -16.836869 -4.053830 
0.322012 -2.978862 -10.336660 9.815617 9.618249 2.389092 22.835128 -15.365791 -12.573740 7.627234 -18.729794 -4.300055 
0.297529 -2.229890 -10.724235 16.997573 8.564699 0.416767 23.825928 -19.467383 -12.673081 9.905782 -18.215619 -5.541939 
0.226837 0.404618 -10.693060 22.581348 10.138865 -4.356400 24.395037 -20.098116 -11.255190 10.809186 -18.393861 -5.871464 
0.159612 2.364432 -10.421602 25.616839 10.796224 -9.337242 23.242703 -18.595733 -10.513698 11.725359 -18.206711 -5.988139 
0.116762 2.357157 -10.677260 26.090548 11.858890 -10.691875 22.374303 -17.176374 -9.763906 11.102379 -17.555686 -6.095214 
0.103987 1.191980 -10.824610 25.002156 13.976332 -9.947742 23.339637 -16.979616 -8.843565 10.033980 -16.939603 -6.148230 
0.132212 0.413940 -10.135145 23.072381 13.809532 -9.359667 24.435745 -17.359683 -10.049156 9.867504 -14.836836 -7.018864 
0.170962 0.372097 -9.167365 21.456473 12.260274 -9.237983 24.206770 -18.541799 -11.211123 10.855355 -14.653919 -6.855689 
0.216004 0.479882 -9.114043 21.048906 11.191324 -8.328575 22.761820 -18.586224 -11.852398 11.191843 -15.191169 -6.738597 
0.237696 1.385813 -9.448129 21.746281 11.155507 -9.410433 21.270803 -18.064849 -11.815590 11.960348 -16.042369 -6.499972 
0.235704 2.734582 -10.107708 23.512098 12.156932 -10.779200 19.551453 -18.281458 -11.122048 11.587334 -16.626561 -6.401689 
0.227187 3.664782 -10.284235 24.759256 13.947307 -14.157283 17.903612 -17.171666 -10.247131 10.759634 -17.435028 -5.779455 
0.257062 3.731165 -10.330427 25.246289 16.768457 -17.250225 17.437487 -16.718333 -9.979348 10.357131 -18.201419 -4.906297 
0.299296 2.140389 -10.898594 24.621456 17.664407 -16.430083 17.319620 -17.230283 -10.003415 9.310734 -18.130244 -4.186730 
0.341737 0.343109 -10.354410 23.199681 17.527149 -14.060425 20.255337 -14.184816 -10.398748 8.299229 -17.738328 -3.601864 
0.375887 -1.095313 -9.466249 20.707623 13.784957 -9.996783 23.481170 -6.830299 -10.920273 4.942844 -17.449286 -2.560455 
0.392462 -2.955575 -7.475620 16.057206 7.201690 -6.119350 27.262695 -2.619699 -13.354431 1.424592 -14.736786 -2.560139 
0.388021 -3.611516 -3.970403 9.755563 -2.144168 -2.018492 22.341837 -1.729608 -15.912473 -1.260708 -12.062461 -3.004964 
0.393846 -3.081590 0.109752 3.066942 -10.004593 2.881450 8.601603 -2.987366 -18.121906 -3.781425 -10.574978 -3.183139 
0.406787 -2.538888 3.848253 -3.331891 -13.708593 6.817917 -8.049547 -4.288166 -20.052998 -6.331250 -9.382119 -2.958055 
0.405737 -2.018513 6.850309 -9.328077 -12.732360 8.107408 -22.635713 -4.703049 -21.084665 -10.609525 -8.320878 -2.222597 
0.367921 -0.797615 9.293920 -15.028252 -5.921451 3.741800 -27.862588 -4.007974 -20.675898 -15.838341 -7.525553 -0.881172 
0.341829 0.941523 11.411590 -19.370744 -1.445335 -5.959708 -30.929222 -7.203099 -19.309948 -18.925191 -8.071136 1.163295 
0.327587 2.830825 12.308415 -22.609311 -1.934743 -16.911517 -31.345838 -20.190474 -18.358298 -19.952291 -8.377428 2.641200 
0.307796 4.231732 12.206990 -24.354994 -4.092501 -20.848208 -40.850948 -30.842883 -17.200681 -20.885225 -9.255128 4.008879 
0.297696 4.239932 12.019381 -24.389044 -6.148785 -21.365575 -44.928901 -32.341933 -16.886590 -21.561966 -9.481586 4.408699 
0.261429 3.262482 11.719856 -23.065727 -9.238168 -21.557700 -38.412275 -30.617441 -16.860856 -20.349116 -7.703053 3.284456 
0.217546 2.054392 10.820165 -20.108102 -13.944301 -21.080700 -31.144688 -28.014308 -16.557156 -17.615816 -5.443344 0.951920 
0.191221 1.414485 9.273386 -17.306811 -12.274843 -20.255608 -24.037338 -26.017008 -15.896540 -16.955983 -4.851019 0.185745 
0.199121 1.995990 8.362980 -16.804402 -10.426843 -20.641442 -15.222422 -22.602458 -16.133131 -17.885791 -5.639244 1.452878 
0.244087 2.591849 8.738624 -16.329019 -8.576051 -20.557333 -13.388363 -21.009341 -17.001223 -19.690658 -6.830319 2.707910 
0.272021 3.328482 10.370870 -15.638336 -6.658568 -20.956908 -18.330813 -22.663191 -17.080165 -20.794316 -7.744103 3.538163 
0.264112 4.645815 12.079240 -15.135669 -5.496501 -20.824067 -25.833813 -25.219166 -17.486656 -20.035208 -6.946036 3.171362 
0.275037 5.529415 13.058348 -14.649861 -6.877943 -20.531475 -34.585802 -27.906858 -18.030706 -19.089783 -6.629336 2.753767 
0.297062 5.090599 12.432981 -12.199377 -7.157801 -20.023133 -36.723299 -27.665874 -18.536115 -18.352991 -6.510961 2.215480 
0.321829 4.176599 11.960990 -8.319094 -10.028901 -18.559742 -31.615455 -26.039099 -18.210865 -16.603975 -6.333319 0.752786 
0.358912 2.910682 11.099390 -1.153122 -14.508060 -14.861158 -23.742572 -24.549908 -18.946206 -14.469250 -6.088461 -1.383005 
0.364904 1.624642 9.636162 6.137943 -15.774260 -10.677700 -13.484180 -22.012458 -19.016381 -10.763591 -6.563169 -2.894722 
0.375929 0.167887 6.997298 10.779660 -11.000451 -8.983650 -6.980755 -18.987608 -18.409390 -7.057741 -8.113811 -3.727572 
0.409879 -1.207623 2.694711 12.685589 -3.060643 -8.863617 -5.569447 -16.176533 -17.413415 -4.432416 -10.558511 -4.038614 
0.424362 -1.878127 -2.130318 12.520789 7.268682 -7.403600 -4.873263 -13.826641 -15.312681 -3.097333 -12.798994 -3.969864 
0.410721 -2.456076 -6.207149 11.258598 15.759749 -5.828242 -2.508088 -13.285666 -13.009023 -1.614450 -14.477336 -4.077939 
0.375337 -1.811939 -8.300166 10.853831 22.418924 -5.064517 1.469703 -14.193466 -11.381831 0.677300 -15.356069 -4.759505 
0.340629 -0.695926 -9.970487 12.295439 25.907290 -7.346783 6.038603 -15.832241 -11.123340 3.389525 -14.808811 -6.139147 
0.297137 0.248434 -10.915102 14.106539 28.406482 -13.748708 10.445762 -17.308208 -10.459715 5.295324 -14.792878 -6.738739 
0.245321 1.539285 -11.615677 16.172289 31.427862 -21.395042 12.492778 -17.888449 -9.311573 5.677004 -15.601503 -6.454180 
0.189879 1.669321 -11.817802 16.980348 33.244809 -24.895158 14.643762 -18.450416 -8.445181 4.605756 -16.197253 -6.539605 
0.167471 1.247654 -11.775269 16.696581 30.817532 -22.937283 15.290887 -17.898941 -8.177540 4.174400 -14.966644 -7.094430 
0.167812 0.419214 -11.364660 15.456273 28.265549 -20.937142 18.290570 -18.386641 -8.020031 3.320834 -14.587319 -7.334272 
0.202262 0.305119 -9.772020 13.173064 25.368640 -21.702800 20.795045 -19.389266 -10.552123 5.183999 -12.152253 -8.773430 
0.201146 0.844315 -8.413049 12.557448 19.782990 -21.912467 20.292837 -20.909874 -11.815831 8.728108 -12.136411 -8.992064 
0.227204 0.551847 -8.660326 13.439931 21.607624 -21.717592 20.383653 -22.350274 -12.572331 9.508801 -12.139444 -9.168314 
0.244737 1.153214 -9.543260 16.355723 26.198315 -22.109283 19.003253 -21.567474 -12.499640 9.481068 -12.521419 -8.953722 
0.220929 2.412057 -10.344294 20.476356 30.478949 -23.676775 16.798570 -20.477791 -9.983190 8.022983 -14.618169 -7.540530 
0.213504 2.383982 -10.831069 22.801556 34.423095 -26.064925 14.796337 -18.906616 -8.669865 6.814326 -15.684986 -6.712905 
0.230229 1.646291 -11.142527 23.372789 36.500284 -26.738858 14.846612 -18.373458 -8.105348 5.649159 -16.322386 -5.839839 
0.288879 0.922390 -11.355610 22.613239 36.989210 -25.605483 16.180978 -18.721749 -8.693456 4.074025 -16.172869 -5.031014 
0.362029 -0.766187 -10.462248 20.364314 34.790130 -23.870450 16.745153 -19.046116 -10.415565 2.341934 -15.520919 -4.172955 
0.408954 -1.365205 -8.648705 17.089306 28.297140 -21.808858 13.074528 -18.272916 -11.703023 0.726467 -16.977436 -2.504689 
0.439454 -2.483704 -5.160230 12.746189 17.914865 -19.128417 9.530603 -16.544266 -13.824590 1.451792 -16.034061 -2.365964 
0.458871 -2.923793 -0.970989 7.720648 8.745632 -15.263700 4.502962 -13.407408 -15.645331 2.531450 -15.649328 -2.410680 
0.472104 -3.635287 1.937662 3.945814 0.594357 -13.761125 1.105153 -8.768449 -16.740231 2.348992 -15.637244 -2.409047 
0.477562 -4.526724 3.717222 0.654899 -6.465218 -12.443267 0.869570 -5.438833 -17.269198 0.647317 -15.749219 -2.312914 
0.484212 -5.247941 4.808550 -2.282392 -12.093526 -10.709475 3.822987 -5.282308 -18.048006 -1.657500 -15.676603 -2.295939 
0.495971 -6.397475 5.169612 -4.331014 -16.059351 -8.788258 8.808403 -8.621466 -18.765548 -3.749733 -15.796428 -2.316472 
0.527021 -7.563870 4.654413 -5.148580 -20.394576 -5.832567 12.944087 -9.667533 -19.698731 -4.228900 -16.502178 -2.049580 
0.542979 -8.701394 3.780973 -6.807613 -26.625060 -3.817242 16.787701 -10.034102 -20.118306 -3.517083 -17.692247 -1.841700 
