-0.704149 -5.168551 -0.552585 -0.614324 -40.278985 -18.859024 35.614831 -15.972496 16.273538 -13.216998 17.204378 -15.331177 
-1.141774 -4.148906 -0.821548 0.370435 -26.943127 -19.026724 19.081997 -16.186163 23.273538 -15.850140 22.963745 -18.848261 
-0.054424 -6.053703 -0.951119 0.969703 -3.487668 -8.962008 -2.162069 -5.081096 13.014813 -2.340413 12.251878 -4.286177 
1.481868 -7.869353 -0.881059 1.533874 16.648573 1.902034 -21.881261 6.074996 2.440288 16.433233 -1.529939 20.124607 
1.638284 -6.773077 -0.729077 2.431316 32.639344 9.782167 -38.858828 14.128012 -2.952462 12.707809 -5.052697 17.448040 
0.077734 -3.147314 -0.875419 2.750278 39.074110 17.587384 -42.102088 23.032079 3.303438 5.714551 2.275578 7.738645 
-1.633191 3.302337 -0.880072 2.884441 34.403563 33.727434 -37.841434 41.212012 25.333622 -6.975332 20.946336 -13.466111 
-1.731532 2.928204 -0.936222 2.246266 36.466566 32.716317 -45.825739 38.858029 25.870597 -6.369357 21.293628 -14.548886 
0.071976 -1.866167 -0.729358 1.522814 39.592923 23.033584 -47.001656 26.557796 8.205555 10.632831 5.852986 9.898756 
1.694201 -5.121758 -0.591609 1.906974 30.571223 7.573059 -35.537659 9.749862 0.735330 17.380504 -0.591014 21.353326 
1.599168 -5.426038 -0.306422 2.122489 14.440365 -4.525208 -15.554419 -9.134879 5.736905 19.808688 6.578186 16.644027 
0.030776 -5.079254 -0.444582 2.424164 -9.220352 -7.541499 9.343039 -12.729563 15.072247 3.629780 14.687378 -0.117016 
-1.203266 -2.668028 -0.221054 1.393588 -27.816643 -13.130724 28.102414 -16.066321 29.365722 -6.992015 27.715320 -14.969152 
-0.275599 -4.292682 -0.159143 2.022369 -14.090143 -12.347891 16.646756 -9.841738 19.656163 5.919211 17.859278 -3.503885 
1.475143 -7.186483 -0.582821 2.848682 9.406723 -6.922774 -8.555928 -3.211321 4.438822 22.061752 1.899086 19.859605 
1.933626 -7.386796 -0.561496 2.897258 29.928876 -1.080574 -31.583907 2.037671 -0.278845 17.425630 -2.193447 15.171956 
0.623801 -5.820223 -0.825986 2.574224 36.866610 6.331834 -42.102881 8.864371 1.241063 16.368370 3.372045 15.137220 
-1.490132 0.178802 -0.945157 2.139672 33.043596 26.821101 -37.275208 30.527904 19.530938 -4.371615 20.113161 -7.243415 
-2.148499 2.989921 -1.123455 0.894591 33.465528 41.374134 -39.355909 46.399171 27.146488 -9.603465 26.355945 -13.702686 
-0.762107 -1.384973 -0.846264 0.406452 35.945807 26.410167 -49.243833 26.532754 9.767847 3.645126 10.188353 -1.294298 
1.363959 -5.603169 -0.721111 0.481663 40.287001 14.918142 -47.403411 11.663587 -7.992128 20.799664 -6.005272 22.131836 
2.107484 -5.441421 -0.597153 1.543178 32.234552 2.631326 -37.743582 -1.021396 -3.842470 22.532379 -3.913130 20.037067 
1.196943 -5.348819 -0.561287 1.616397 16.458032 -1.058583 -20.562111 -5.687213 5.048463 22.181850 5.457211 15.558379 
-0.646774 -2.905394 -0.575238 0.794570 -7.291993 -3.254533 3.974039 -5.574721 20.509613 -4.876990 21.275045 -9.206427 
-1.318307 -2.043631 -0.567222 -0.248381 -26.711043 -13.796524 26.292722 -12.227871 29.405222 -10.387498 28.025595 -17.065236 
0.201284 -5.143813 -0.319886 0.401584 -9.627960 -14.238224 12.422222 -9.798438 13.341872 8.848633 11.795653 3.500260 
2.034693 -7.701032 -0.651941 1.726461 13.289807 -5.811483 -14.304153 -3.923988 -0.470512 20.938391 -3.330197 22.222158 
2.376026 -6.458152 -0.314764 2.461466 30.244786 -1.727899 -36.800278 -3.213029 -4.566487 16.043853 -7.873189 20.812803 
0.936301 -5.619640 -0.526233 2.620082 31.558369 4.266867 -44.394573 1.277321 -5.506070 16.753208 -5.728072 19.437327 
-1.252432 -0.164446 -0.197261 2.990872 26.961998 24.721626 -41.358403 27.056554 13.722572 -7.028482 10.219028 -8.545373 
-1.980266 2.747446 -0.757923 2.318405 32.406022 38.497026 -45.130846 44.596404 22.747338 -12.557532 15.204078 -19.545877 
-0.561241 -0.506761 -0.905046 -0.015194 39.789612 25.052367 -48.909556 28.663429 7.374805 2.168954 0.521453 -0.881576 
1.445301 -4.402960 -0.969965 -0.429690 42.103654 10.175576 -47.062106 15.618921 -4.412653 15.429703 -7.597055 19.226821 
1.918868 -4.021228 -0.784313 0.412139 36.300642 4.529501 -33.659369 11.895079 0.292597 18.523607 -1.567439 17.283642 
0.794809 -5.260752 -0.687102 0.896148 21.552465 10.890501 -12.392594 15.324771 2.556005 11.505669 3.345995 8.666393 
-0.408032 -3.231614 -0.350640 0.540284 3.429482 12.689309 11.031056 13.620396 9.560338 -7.723057 9.774561 -11.534527 
-0.293699 -4.308563 -0.202289 0.660291 -10.386018 7.591984 28.787689 5.097962 6.784280 -8.372298 5.158036 -11.916727 
0.013284 -6.272637 0.053375 1.091823 -16.694552 10.914176 37.625539 7.574212 1.089755 -5.761390 -1.125980 -8.923511 
0.012876 -5.102438 0.207616 0.524341 -19.535202 10.088301 37.442631 7.587362 0.933122 -5.693815 -0.922372 -8.328861 
-0.044707 -4.437127 0.876591 -1.686310 -21.408593 4.911434 27.693439 6.537579 1.896780 -7.500948 0.559145 -8.040719 
-0.028174 -4.784265 2.414379 -5.717399 -23.185593 3.877867 11.392439 7.810362 0.876655 -9.447223 0.271486 -7.349627 
0.001476 -5.689916 4.422956 -11.098099 -21.654618 1.969309 -7.440611 8.109054 -0.701778 -11.244882 0.131453 -6.990336 
0.012226 -6.755194 6.671575 -15.745957 -18.660510 -1.132716 -25.181228 6.505812 -1.985903 -12.926457 0.419870 -6.653586 
-0.001857 -7.364992 8.955017 -19.550907 -15.979418 -4.163491 -39.861567 5.090821 -2.968953 -13.715048 1.832745 -6.905311 
-0.057341 -7.441330 10.602707 -22.819624 -11.263360 -6.176724 -50.333588 4.469654 -3.134903 -14.230973 4.261486 -7.565369 
-0.140991 -7.247251 11.698825 -25.374040 -4.500468 -7.353449 -57.070356 2.532054 -1.589137 -15.137815 6.599936 -7.645452 
-0.269782 -6.601487 12.430816 -27.739157 -1.948943 -7.224541 -60.307919 -1.699488 0.497138 -15.905948 9.428420 -8.173386 
-0.348566 -5.847029 12.441450 -28.411040 -1.584210 -5.116024 -62.606319 -4.325063 1.685130 -16.601082 10.995153 -8.107452 
-0.307616 -5.526404 12.445841 -27.796957 -2.149743 -5.359466 -61.358803 -3.559471 1.388530 -15.937690 10.632678 -8.018661 
-0.216257 -5.874432 11.948983 -26.150782 -4.357960 -6.570316 -56.545309 -1.843679 0.768338 -14.321640 8.769428 -8.161894 
-0.086349 -6.010781 10.407785 -22.816882 -6.206027 -7.841116 -48.599197 -1.267471 -0.488387 -11.881782 6.369728 -8.199327 
0.013051 -6.178098 8.470317 -18.393040 -4.046568 -9.645766 -36.768092 -2.876954 -1.154328 -8.930082 3.528295 -7.558169 
0.089859 -6.591475 5.348944 -12.638574 -0.375460 -10.987149 -23.812436 -3.724154 -1.635978 -5.923115 0.558195 -6.547736 
0.143343 -7.300963 1.241682 -5.936090 6.308948 -11.598916 -11.489394 -3.479154 -1.754653 -3.932807 -1.806314 -5.810219 
0.168643 -7.556545 -2.901684 1.118818 13.219632 -11.655299 -0.285119 -2.544629 -1.439895 -2.343923 -3.127697 -5.582719 
0.173509 -7.748517 -6.019225 7.173123 20.452098 -10.684933 10.904189 -2.140679 -0.820953 0.032618 -3.484005 -6.080202 
0.141918 -8.226849 -8.336501 12.300385 26.432582 -9.572558 21.719339 -2.263804 0.549230 2.232860 -3.120330 -6.940144 
0.078526 -9.014991 -10.147288 16.633426 31.406571 -7.810733 30.357672 -2.408921 2.041747 3.440643 -2.140164 -8.573769 
0.013093 -9.307908 -11.451192 20.307293 36.223783 -6.523316 35.880114 -1.289696 3.690297 3.604768 -1.672289 -9.795469 
-0.037382 -9.879229 -12.408725 22.726201 37.747983 -6.511058 38.437481 0.632996 4.896005 3.442518 -1.533714 -10.679336 
-0.052441 -10.323887 -12.145400 22.899768 36.572271 -6.739224 36.875447 2.277087 5.289205 3.977152 -1.363755 -10.824844 
-0.032749 -9.723575 -12.117117 22.087251 33.174837 -6.860233 35.825439 1.270529 4.528388 3.357310 -0.840397 -10.208369 
0.006001 -9.461456 -10.887850 19.871243 28.933898 -7.443849 33.834647 0.292796 3.262713 2.102810 -0.328689 -9.038311 
0.051943 -9.125602 -9.025043 15.780568 22.515023 -7.778583 30.659072 -1.433954 1.462180 0.087260 -0.314964 -7.657102 
0.099018 -8.858338 -6.165952 10.502125 15.420257 -7.234616 23.264556 -1.567596 -0.189203 -1.583473 -1.087355 -6.101019 
0.131934 -9.428674 -2.421769 5.277488 8.243998 -7.172049 11.871239 -1.487279 -1.523720 -2.778632 -1.414989 -4.951161 
0.155268 -9.221845 1.646260 0.703360 1.737898 -7.065858 0.274339 -1.088196 -2.222878 -3.584723 -1.463047 -4.094644 
0.166409 -8.598473 5.414179 -3.514944 -5.513860 -6.972408 -8.087753 0.843804 -2.461970 -4.340657 -1.354389 -4.037244 
0.142218 -8.359450 8.443454 -7.670295 -13.948943 -7.399833 -14.512636 2.673804 -1.571345 -5.401982 -0.662930 -4.280711 
0.094793 -8.284674 10.134401 -11.399082 -20.066052 -6.742808 -18.021436 3.966621 -0.411453 -6.988640 0.476186 -4.506727 
0.073468 -8.503973 10.380904 -13.973182 -22.733893 -5.745866 -16.082786 4.660521 -0.243537 -9.007973 1.058378 -4.178636 
0.085509 -8.445821 9.769085 -14.362690 -23.140185 -5.974016 -14.957361 5.862696 -0.835287 -10.161165 0.401603 -3.481727 
0.096001 -8.179098 8.190210 -12.841590 -23.734993 -4.874566 -14.464836 7.364904 -1.467953 -10.455440 -0.194989 -3.023169 
0.108943 -8.236923 6.489330 -11.019524 -24.424227 -3.450758 -11.220644 7.653862 -1.914762 -9.584973 -0.158272 -3.410211 
0.102393 -8.110879 5.027754 -10.085382 -21.829393 -1.869549 -6.242536 7.875854 -2.026128 -7.647848 2.950853 -4.511686 
-0.017999 -7.888382 3.557198 -9.776774 -17.136543 1.204242 -2.086769 9.828262 1.117047 -8.519898 5.778545 -5.039352 
-0.185141 -8.599715 0.896953 -8.857807 -10.360352 4.333151 3.925197 12.966621 11.764588 -8.017057 5.903928 -6.072694 
-0.118624 -7.540363 -1.699700 -7.318621 -4.886410 6.134167 10.517372 13.607279 33.740805 8.395230 1.323311 -4.857352 
0.142443 -6.414460 -4.499522 -4.884798 -1.835543 6.796476 16.290881 14.530712 52.863522 12.075455 -6.613105 -1.568927 
0.499809 -2.840164 -7.351304 -2.976722 0.462690 8.026117 23.427839 13.614346 66.303005 13.412248 -18.708272 4.700743 
0.730009 2.878346 -9.957080 -1.716207 1.991215 7.130134 25.515889 11.304237 72.950363 16.685835 -31.494153 11.417688 
0.722418 7.495704 -11.255334 -1.957217 3.258082 5.747534 19.000106 8.822337 71.788863 20.078672 -25.620905 8.630389 
0.581509 8.838462 -11.370609 -2.404115 5.977840 3.917609 14.137497 9.496304 68.007280 22.059798 -16.522622 4.143685 
0.506226 7.175187 -10.777242 -2.545125 7.503590 3.547284 14.160181 10.167171 65.405530 22.447765 -13.138847 1.980248 
0.463293 2.437412 -9.416151 -2.559805 7.176773 7.440176 16.518722 11.798754 60.868838 19.735788 -10.646414 0.152198 
0.356268 -2.818983 -6.698873 -1.961518 5.855773 13.713317 20.205081 15.950271 46.789922 12.229649 -7.258022 -1.010219 
0.229451 -6.117320 -1.719806 -0.487556 0.483815 18.819876 19.708922 18.920921 22.779688 3.858810 -2.828222 -4.247419 
0.057026 -6.538090 3.619152 3.421557 -10.168552 19.658059 11.110647 18.249329 4.975397 -0.863507 6.600253 -7.648119 
0.094001 -4.342522 5.449260 6.670593 -17.338410 17.747517 3.529181 9.961912 -0.550878 0.064727 23.495403 4.105640 
0.351801 -2.902293 7.215791 6.061677 -18.704310 19.675792 3.608572 5.613821 -8.629987 1.818185 44.537753 17.970232 
0.647851 -0.973704 9.564446 3.380494 -18.307052 21.830967 -0.391394 7.132212 -18.607620 4.676724 59.717895 18.423712 
0.860318 2.036546 11.468041 0.189154 -12.427777 22.432184 -7.313169 7.532721 -28.588968 8.698658 65.560053 19.821956 
0.852159 4.844037 12.244225 -2.265717 -0.860093 24.484434 -10.025411 7.700162 -29.727273 9.418468 64.003553 22.388514 
0.686684 6.451171 12.208583 -4.177749 5.652390 26.053934 -9.032153 6.380471 -22.275278 5.811107 60.312645 23.559548 
0.548926 5.732296 11.630600 -5.044455 3.666865 24.848034 -6.317053 5.534662 -15.301528 2.600052 59.068645 23.648139 
0.476493 2.264754 10.682471 -5.528313 0.148423 24.354184 -4.136911 6.909187 -11.287187 0.816102 58.933245 22.476773 
0.431393 -1.378920 8.763488 -6.897440 -6.375160 26.240834 -2.332969 8.634096 -9.490495 -0.981115 51.194936 19.189788 
0.333584 -6.042345 4.613174 -7.205654 -10.170810 29.603984 5.237131 10.233904 -6.474045 -4.425307 30.720011 11.735421 
0.112343 -9.510218 -0.522627 -7.488120 -6.608360 31.486076 20.520881 10.956237 1.272438 -9.135023 7.336761 -1.548753 
0.087951 -7.776262 -4.676511 -8.322660 -1.339260 29.509392 35.398781 7.930562 17.247947 -6.404773 -2.870555 -4.767819 
0.263918 -5.691338 -7.071155 -8.206015 -0.578410 24.924701 40.433172 8.163696 42.810755 1.375660 -11.043639 -0.691271 
0.536093 -0.886978 -9.019238 -7.602221 -0.244493 22.688526 40.611197 8.736612 61.511063 4.220768 -21.465896 5.180780 
0.637151 5.053496 -11.168092 -7.019924 2.491090 19.853167 36.740914 5.051687 72.697113 8.058518 -34.100604 11.131540 
0.546918 11.098054 -13.054017 -6.614601 6.141615 15.644734 30.674631 3.527379 74.006697 11.200445 -28.043002 8.434635 
0.373451 12.405421 -13.431125 -6.360300 9.120123 13.149459 29.760997 3.981854 69.737447 13.620960 -19.714430 4.827556 
0.245918 9.759671 -12.974700 -5.171755 9.300407 13.639567 30.842322 4.557487 65.556363 14.262313 -13.647880 1.208402 
0.257051 4.498579 -12.003359 -3.540550 6.466290 16.819576 31.931189 4.834904 60.215980 13.871114 -11.248689 -0.672794 
0.230609 -1.544333 -9.583578 -1.559791 3.163098 21.806409 33.751422 7.372454 49.723630 10.375929 -9.409805 -3.403769 
0.125751 -6.650320 -5.723369 0.278003 -2.384368 25.936859 31.361156 9.807312 29.566963 3.630328 -6.435489 -6.563344 
-0.054282 -9.567480 -1.018725 2.796278 -11.798360 25.659409 21.064489 10.905737 6.770797 -4.886340 2.884970 -9.872219 
0.068126 -7.339879 3.420759 5.108391 -20.349952 23.284851 8.239556 11.637321 -1.958470 -3.485857 19.158670 0.572486 
0.398559 -5.172512 6.320265 4.269662 -21.712560 23.560934 1.618206 12.187446 -12.227820 0.225510 42.059161 14.452600 
0.702509 -2.803903 8.978280 2.326687 -18.331860 22.531101 -3.290686 14.258304 -20.120012 2.536818 57.049936 15.777038 
0.860976 1.331212 11.219333 0.513416 -10.607718 19.150592 -10.887744 15.128121 -25.490237 5.100477 62.682470 18.184064 
0.852643 5.389446 12.181516 -1.747992 -0.991193 16.551742 -17.265169 16.070562 -24.519778 5.105977 62.209695 19.901679 
0.738401 6.300346 12.692533 -3.912285 1.473865 15.019726 -17.649844 15.928179 -21.029603 3.836660 61.084753 20.400858 
0.662434 3.764496 12.284916 -5.342043 -2.414868 14.830776 -14.434119 16.457221 -18.750137 1.462193 58.577986 22.236231 
0.594101 -0.482563 11.064398 -5.624279 -9.188652 17.081626 -9.952944 16.882187 -16.230220 -1.522640 49.493836 25.303473 
0.426951 -5.226809 8.426672 -6.120425 -13.622385 22.994467 -1.628286 16.529346 -12.044903 -5.824015 30.752820 26.517248 
0.168051 -10.161271 3.523222 -5.522368 -8.231968 24.742034 9.321531 15.628221 -5.494903 -11.103898 9.038145 6.515944 
-0.000882 -9.624370 -1.307309 -6.775085 1.270257 24.778634 21.140314 12.865129 9.601113 -10.469640 -2.045764 -2.452636 
0.100759 -6.217637 -4.004366 -7.033680 3.616082 24.137751 25.895072 10.133412 35.377680 1.617260 -7.672347 -1.651719 
0.363134 -3.687515 -6.687806 -5.412584 5.290798 24.672609 27.753914 9.886846 54.482622 3.737135 -17.019714 1.762513 
0.531559 1.010929 -9.258372 -3.949710 7.916440 23.810634 30.355989 7.974337 64.005447 7.425766 -24.859031 6.647979 
0.455059 6.672354 -10.966000 -2.154530 10.237665 23.926717 31.966264 5.974512 64.561363 10.807206 -21.778347 4.856857 
0.286901 10.070579 -11.972459 -0.664854 10.917482 23.542017 33.554472 4.267412 59.841330 12.565848 -14.329472 1.119939 
0.289526 8.059371 -11.726650 -0.516576 9.331632 23.715476 33.581906 4.166071 56.829947 14.007935 -13.257547 0.300081 
0.379318 4.479596 -11.329350 -1.234599 7.435407 25.003067 33.441172 4.430379 56.860688 14.919190 -14.525714 0.539039 
0.445801 -0.239946 -9.899789 -3.524733 5.092790 27.071417 31.877689 6.868379 48.594447 16.850182 -15.179305 0.458364 
0.316943 -4.165497 -7.088394 -4.879374 1.725973 29.108276 28.192372 10.012187 27.846555 14.361503 -11.400997 -2.091852 
0.060668 -6.573223 -3.196875 -4.143065 -4.044477 29.467734 20.949106 13.558254 4.801372 4.253649 -4.003864 -6.018036 
0.002868 -7.626648 -0.163871 -2.876755 -9.371760 28.948442 14.430906 16.229721 -5.344170 -1.499223 -1.397997 -5.790986 
0.269118 -7.976117 1.605982 -1.343881 -14.047510 29.658242 12.379814 20.086996 -8.584345 -1.297382 -2.185764 1.657734 
0.569259 -7.050809 2.804345 0.295275 -20.705685 30.708109 12.821164 22.119562 -13.389253 -1.247890 4.747295 15.798214 
0.696776 -2.948328 4.196999 1.474946 -25.085352 33.394951 16.140314 23.686904 -15.752312 -0.925107 30.475961 22.266439 
0.720351 2.839229 6.517651 0.947855 -23.814918 34.425342 14.199581 23.410104 -13.793703 -2.916423 56.472511 19.729752 
0.735993 7.727521 8.569873 0.151834 -17.628902 31.325651 4.874039 22.851871 -13.464003 -1.604240 64.626078 22.471964 
0.751693 8.370687 8.854363 -1.514335 -14.862810 29.265517 -0.451528 22.845287 -14.631228 -1.623532 63.798053 21.145142 
0.774434 6.038662 8.461861 -2.409325 -17.461052 29.983909 1.399797 23.464037 -15.827112 -1.999173 62.234470 21.047845 
0.735393 2.746012 7.103330 -2.698694 -23.320293 30.022026 5.699572 22.250654 -15.861512 -3.114407 52.702753 24.055598 
0.430009 -1.241818 4.719176 -0.903610 -27.170135 29.156209 11.360964 22.600421 -7.836087 -5.399473 25.779520 24.668235 
-0.100682 -3.049788 1.438279 -0.174480 -26.071610 29.227901 21.564189 20.811937 3.927530 -9.299973 0.986053 3.903173 
-0.217316 -3.595796 -0.830025 -1.562595 -28.497627 31.147534 30.524056 20.963504 6.284772 -10.056748 -2.244472 -2.409869 
0.010018 -5.090926 -0.543376 -1.848531 -33.838585 31.927259 36.926889 23.989096 0.686588 -6.718923 -6.530022 -1.594902 
0.106376 -6.363766 -0.816431 -1.551328 -38.727493 33.856809 41.446406 28.751512 -3.405528 -4.791448 -9.355939 -1.480952 
0.117793 -6.156458 -0.964751 -1.554819 -40.880518 33.805609 41.051614 31.385762 -4.833645 -5.038998 -9.071072 -1.624486 
0.078443 -6.260347 -0.658059 -0.693061 -28.520843 37.798851 24.706447 38.064221 -5.239087 -4.028865 -7.697922 -2.330644 
0.013509 -6.541568 -0.727508 -0.224515 -3.019218 39.440659 -5.757828 38.459821 -5.158612 -4.319648 -6.591022 -3.489786 
-0.040974 -7.303433 -0.595376 -0.182755 10.336590 26.552134 -25.360844 21.107587 -5.889703 -5.259915 -6.777314 -4.921511 
-0.082266 -8.183178 -0.282681 -0.126651 12.215073 1.833184 -27.644819 -6.006613 -6.784053 -6.833573 -7.001397 -6.428011 
-0.121516 -8.998437 -0.320525 -0.041946 3.458415 -19.747408 -15.353744 -22.946729 -6.927612 -8.599465 -6.597564 -7.602527 
-0.163591 -8.635711 -0.197668 -0.266527 0.476165 -23.293508 -11.114628 -22.837188 -6.487403 -9.185448 -6.015439 -8.504811 
-0.158966 -8.160051 -0.364649 0.023005 8.430215 -9.114524 -20.032411 -9.067321 -6.005312 -8.949048 -5.884180 -8.511494 
-0.096474 -7.409267 -0.378906 0.369030 17.185948 28.425559 -29.870494 28.291612 -6.122162 -7.499465 -6.289722 -7.507852 
-0.000632 -6.264118 -0.327422 0.872493 16.446573 67.210476 -30.282528 68.686454 -6.475403 -5.343365 -6.711172 -5.693719 
0.102718 -2.992904 -0.417042 2.168990 1.978657 83.514059 -9.138994 82.374329 -6.742245 -2.889657 -6.656380 -3.310586 
0.173893 1.608337 -0.242886 3.079500 -13.320960 72.863809 15.416422 66.943496 -6.569795 0.078677 -5.930589 -0.201232 
0.148609 8.942179 -0.031816 2.734767 -15.040927 51.751109 21.963156 42.806446 -6.245945 3.405977 -4.968514 3.449783 
-0.095066 15.611596 0.232761 2.360945 -10.837093 29.886292 19.551464 21.307296 -4.803478 6.384386 -2.267272 6.504752 
-0.432782 23.392021 0.366472 2.114648 -4.992643 8.689301 14.012472 0.920371 -2.423812 8.051890 -0.493630 8.357468 
-0.623591 33.200387 1.055983 1.441099 -1.150393 -7.978274 12.861539 -15.711029 -2.982820 10.288761 0.145036 8.720736 
-0.704082 41.671771 1.360145 -0.390872 0.661232 -18.007449 11.836872 -22.613096 -4.589195 11.594029 -0.451039 8.911458 
-0.719216 45.844262 1.105868 -1.892065 2.648257 -22.163866 11.191114 -25.170788 -6.098695 11.264617 -1.974255 9.287004 
-0.707549 46.241012 0.840828 -2.122636 1.933823 -23.145333 10.027497 -24.359238 -6.944562 10.697399 -2.565180 9.724337 
-0.668666 43.535862 0.972268 -1.282020 0.817148 -21.276541 7.773372 -21.285054 -6.825745 10.470368 -2.537272 10.274078 
-0.654707 37.030587 0.965469 0.123910 -2.073810 -12.748024 7.006806 -13.446071 -5.989712 10.695705 -1.068830 10.082169 
-0.657224 26.441987 0.308609 0.791872 -8.004560 -3.067733 6.989622 -5.250004 -3.520870 10.319811 1.802511 8.838196 
-0.526491 18.133112 0.137573 0.496263 -14.874102 4.412501 12.758881 -1.117596 -1.077678 9.128823 4.481561 5.875414 
-0.362982 13.013696 0.308542 -0.022022 -20.869002 11.759084 19.334872 4.156029 1.159505 6.042659 5.442011 1.871919 
-0.337591 7.592471 0.308590 -0.396207 -24.544827 23.017342 22.993297 15.287362 3.178472 1.975010 6.032786 -2.700619 
-0.449666 1.905079 0.086022 -0.354850 -26.081627 38.727684 25.001089 32.709729 5.016780 -2.073432 6.563420 -6.988461 
-0.708499 -2.358468 -0.055965 0.129082 -24.655277 55.606501 24.994522 52.158937 7.982413 -5.776123 8.690853 -11.159436 
-0.991682 -4.514771 -0.076242 0.600327 -14.165768 65.206226 14.527781 65.294162 10.637955 -8.629082 11.322345 -14.449361 
-1.075549 -6.007359 -0.045526 1.116031 3.884090 58.237392 -7.556269 62.574079 10.654030 -9.605965 11.125961 -15.741469 
-0.956574 -6.987869 0.143552 1.354162 19.593282 34.869692 -26.714369 36.722537 7.752330 -9.426198 7.731828 -15.090436 
-0.703257 -7.954409 0.205987 1.654090 27.128882 4.643251 -32.016169 -2.277854 2.586080 -7.868640 3.078361 -13.144811 
-0.435432 -9.399201 0.203514 2.557861 22.662348 -17.818258 -19.569153 -24.584879 -2.456153 -6.687907 -2.050039 -10.669711 
-0.276291 -9.655048 0.321753 3.155195 17.626665 -23.691774 -16.063169 -24.781254 -5.785612 -5.957323 -5.207130 -9.223219 
-0.213241 -9.255106 0.308066 3.379827 22.766215 -18.277316 -18.593519 -19.198271 -6.810845 -5.239473 -5.899205 -8.659027 
-0.201041 -8.229280 0.362050 3.498628 29.988149 -0.500558 -31.362833 3.928387 -5.916153 -4.618982 -5.305155 -8.265761 
-0.211716 -7.013573 0.301779 4.118883 36.572179 31.364884 -40.401071 41.818721 -4.392728 -4.096632 -3.839164 -8.069727 
-0.227157 -5.885707 0.039523 4.485442 29.119128 59.794226 -31.153103 69.601746 -2.753212 -3.520640 -1.777972 -7.986819 
-0.192382 -3.505460 0.063671 3.923620 12.530690 61.907642 -12.216203 63.565162 -2.077895 -1.920190 -0.765589 -6.955319 
-0.058416 -0.394488 0.222916 3.675300 5.633682 45.432634 -4.433519 37.223929 -3.357970 0.965402 -1.092897 -4.155794 
0.031976 5.029546 -0.108135 3.534500 2.167457 25.817609 -1.155511 11.670779 -4.618103 3.865618 -1.370022 0.051904 
-0.032049 11.786904 0.074963 2.724588 -2.962143 15.138167 2.680664 -1.452646 -5.798862 7.249748 -1.563897 4.712048 
-0.283207 18.243712 0.292754 1.979350 -6.111002 3.249767 5.275214 -11.900521 -5.734153 9.868960 -1.030305 7.953727 
-0.549124 26.587996 0.761369 1.492808 -6.201085 -12.389274 7.439656 -21.242721 -4.615287 11.000103 0.157595 9.179655 
-0.634066 36.626104 1.274843 1.183382 -3.788543 -20.605524 9.096197 -24.970763 -5.541428 11.754657 -0.744414 9.878069 
-0.659816 43.136737 1.669815 0.118386 -2.488318 -23.752516 11.339481 -27.581688 -6.962295 11.860022 -2.004789 10.315181 
-0.665799 45.922779 1.844808 -0.819233 -1.659335 -24.421641 13.109431 -28.694013 -8.074270 12.185133 -2.081380 10.072030 
-0.650057 43.590721 1.772702 -0.904805 -0.432993 -21.092116 8.869122 -24.881363 -8.064303 11.813292 -1.585155 9.877799 
-0.580249 37.904296 1.487648 -0.112479 -0.625635 -15.985299 1.998772 -16.321496 -7.402370 10.596767 -1.191939 9.761467 
-0.534857 27.203479 0.393805 0.185825 -4.803402 -8.729299 1.805547 -7.837796 -4.830820 9.698651 1.145828 8.535957 
-0.391532 16.648679 0.237341 -0.313905 -10.774993 -1.645274 9.524439 -2.572754 -2.602570 8.605107 3.345986 5.672137 
-0.198282 10.549371 0.258626 -0.558635 -15.613560 10.101301 16.117147 5.289112 -1.698737 5.715852 3.145445 1.850183 
-0.131049 5.058796 0.095718 -0.365217 -17.139893 27.040451 18.109789 20.132146 -1.265162 2.495418 2.080345 -2.016611 
-0.251682 0.175871 -0.053547 -0.072294 -14.229610 46.253601 15.134281 41.224996 0.266513 -1.042140 2.559220 -5.854027 
-0.530341 -2.492609 -0.159555 0.045156 -2.121677 57.416809 1.962539 56.953054 3.539580 -4.303657 5.198336 -9.919394 
-0.777066 -5.929138 -0.047615 0.309920 12.963732 49.991701 -17.440853 52.623071 5.762772 -7.354357 6.748420 -13.208369 
-0.882857 -8.909756 0.025225 1.033689 22.469707 26.332567 -29.454253 25.040262 5.528588 -9.047457 6.138270 -14.734827 
-0.896349 -10.582648 -0.119861 1.680359 22.975807 -2.533199 -28.067369 -9.336954 4.934388 -9.617273 5.302961 -15.244652 
-0.801849 -11.019353 -0.220373 2.075856 21.919465 -17.883024 -20.885303 -22.581938 3.441055 -9.245482 3.485986 -14.539777 
-0.658699 -11.164601 -0.122914 1.993623 20.716432 -16.746358 -21.024986 -19.741221 1.061947 -7.997848 0.962020 -13.369677 
-0.522682 -10.757454 -0.013313 2.051380 27.788390 -0.145049 -31.142778 -0.182354 -0.961320 -6.954473 -0.873605 -11.991927 
-0.405899 -9.673135 0.101683 2.929615 34.333051 30.898242 -38.020263 38.448104 -2.249403 -5.795132 -2.021172 -10.429736 
-0.312199 -8.157677 -0.006908 3.954246 28.658951 58.729809 -29.140292 67.905746 -2.492745 -4.747132 -2.141189 -9.161386 
-0.196841 -5.271617 -0.021300 4.577701 6.477873 63.005142 -3.437103 61.960871 -2.680387 -2.694073 -1.966855 -7.431086 
-0.037507 -0.617669 -0.001149 5.424049 -10.998468 47.751092 10.924072 37.114637 -3.532662 0.429243 -1.683964 -4.173311 
0.065426 5.930337 0.266852 4.749847 -16.445927 27.808376 15.213406 14.937629 -4.914562 4.324085 -2.074630 0.986268 
-0.067024 13.666962 0.483849 3.612537 -14.272493 11.137384 11.457706 1.211704 -6.061878 8.245099 -1.720530 5.384128 
-0.395099 22.937571 0.730655 2.702157 -8.854910 -4.107699 5.855797 -11.409554 -4.335962 10.196853 -0.552622 7.842724 
-0.416266 40.620421 1.556169 2.245025 -5.677435 -16.441649 5.123939 -21.311879 -5.735878 12.029703 -1.520522 8.296609 
-0.241741 57.774637 1.295071 1.317246 -3.610227 -21.991783 4.820631 -25.493671 -8.128178 13.061835 -3.993672 8.266655 
-0.132024 66.530012 0.600083 0.598147 -4.393327 -25.237333 8.261547 -28.082696 -9.517262 13.107972 -5.189722 7.877278 
-0.089132 67.383704 0.745797 0.224341 -4.732785 -23.745291 8.237481 -26.723488 -10.624395 13.466033 -5.018730 7.479461 
-0.125007 60.657104 1.671769 0.960745 -3.213777 -15.791116 2.204331 -18.817063 -10.110520 12.295175 -4.015372 7.574490 
-0.268741 46.541229 2.042113 2.140815 -6.020560 -6.629833 0.312714 -8.373563 -7.463153 10.741321 -1.233064 7.507391 
-0.441532 27.433512 1.570872 2.401919 -10.774493 0.311176 7.177739 -1.683654 -4.229637 9.106149 2.103011 6.908528 
-0.347624 14.786796 1.190675 0.913305 -17.182860 3.581492 16.433997 1.203329 -3.910653 7.387141 2.226386 5.843833 
-0.086541 9.952496 1.380934 -1.137452 -22.703768 4.774317 24.383447 3.113504 -5.916320 5.821555 -0.413172 4.218415 
0.087709 5.699954 1.183793 -3.477995 -27.501677 4.933626 28.994847 3.565437 -7.531337 3.774602 -2.638897 2.287180 
0.092259 1.312912 0.658858 -5.017700 -30.573743 5.046709 30.617939 4.341212 -7.013362 2.040260 -2.091055 -0.781277 
-0.010574 -1.342104 -0.461267 -7.124885 -30.825610 5.022384 30.320031 5.025937 -5.735670 0.031943 -0.904122 -3.778752 
-0.003066 -4.895314 -1.663313 -9.138324 -29.574552 3.334309 30.698964 4.194929 -7.117037 -1.376340 -3.093755 -4.564777 
0.042126 -8.546920 -2.305265 -9.617507 -29.549752 0.171317 30.789356 3.123737 -8.219762 -1.531565 -6.282097 -4.355227 
0.061651 -10.460109 -2.825880 -9.205624 -29.976935 -5.277849 30.956914 -0.884788 -8.550028 -1.696040 -8.562480 -4.088752 
0.064168 -11.317086 -2.743550 -8.921399 -29.518360 -10.289633 32.098489 -3.028846 -8.517903 -0.894373 -9.519839 -4.288244 
0.058051 -10.923360 -2.878784 -8.642990 -29.169260 -9.716374 33.668581 -1.692221 -8.375687 -0.309840 -9.551364 -4.618927 
0.054801 -10.514868 -3.055244 -8.393757 -28.780185 -9.069599 34.464847 -1.282129 -8.152062 -0.044182 -9.627539 -4.751769 
0.061759 -10.518394 -3.119309 -8.099524 -28.550635 -9.056674 34.537547 -1.615521 -7.833945 0.193385 -9.886339 -4.607811 
0.076884 -10.271454 -3.072472 -8.193657 -28.542802 -8.845374 34.715897 -1.726263 -7.752620 0.364243 -9.726089 -4.442411 
0.098868 -10.028327 -3.154357 -8.312815 -28.325277 -8.767708 35.430106 -1.498554 -7.748103 0.251810 -9.666630 -4.090827 
0.111643 -9.205983 -3.238750 -8.567515 -27.535652 -8.293666 37.576206 -1.584954 -7.693687 0.433327 -9.587630 -3.951627 
0.103884 -8.247287 -3.445211 -8.409107 -25.475793 -7.583491 42.641072 -2.129238 -7.562162 1.216702 -8.396064 -4.058877 
0.083109 -7.151164 -3.998940 -8.499315 -22.763452 -7.559849 48.411306 -0.915846 -7.067587 1.946993 -6.633214 -3.865086 
0.073034 -5.394305 -5.101940 -9.726215 -19.085835 -8.241249 53.370122 0.711212 -6.407412 2.359443 -5.860080 -3.226002 
0.011309 -3.809127 -6.547119 -10.997990 -13.650910 -8.154708 52.669789 1.609571 -4.557212 2.003360 -7.093055 -3.033661 
-0.082607 -1.405140 -7.562788 -11.219057 -8.269018 -8.429924 44.904306 1.053354 -3.082412 1.937027 -7.776914 -3.123602 
-0.187849 1.207821 -8.023610 -10.679865 -3.937777 -10.560849 30.813014 -0.159821 -2.325145 2.499085 -8.600747 -3.145777 
-0.280166 3.591729 -8.566043 -9.947607 -1.830235 -13.886149 16.764722 -2.009038 -1.879578 2.773027 -9.014930 -3.220294 
-0.383574 5.293671 -8.209206 -10.070557 -2.502868 -18.955416 10.843206 -4.015646 -0.923770 3.017718 -9.184389 -3.420044 
-0.450174 6.886421 -7.589376 -9.986757 -3.346702 -22.214024 9.531997 -4.822346 -0.557503 3.747910 -8.797047 -3.898552 
-0.453632 7.759621 -7.193201 -10.426249 -3.798143 -22.800908 8.874656 -5.527121 -0.901137 4.335568 -8.428864 -4.319652 
-0.420316 7.332337 -7.298016 -10.833857 -5.430710 -22.120599 10.157314 -4.757646 -1.462795 5.004977 -7.164264 -4.650652 
-0.354232 6.319846 -7.115824 -11.644282 -6.426668 -17.216849 13.900997 -1.990971 -2.742245 5.302610 -4.695630 -5.276086 
-0.281441 3.951829 -6.494259 -10.690207 -9.701118 -8.393433 21.518097 4.696746 -4.026537 5.210793 -2.028347 -5.534911 
-0.193691 1.169629 -5.142287 -7.143260 -16.339260 0.744576 27.871264 11.257662 -5.452078 4.887668 0.064270 -5.877777 
-0.096341 -1.914837 -2.513666 -2.503694 -26.832752 6.224584 30.145814 13.099712 -7.151462 4.239568 0.600045 -5.627944 
-0.008141 -4.682221 0.289938 2.756230 -38.430110 5.780967 26.459731 10.727037 -9.134262 3.418060 0.214728 -5.317227 
0.043901 -6.914783 2.442323 7.867985 -47.136618 2.773909 18.726614 8.804446 -10.148053 1.878102 -0.577705 -5.130677 
0.085143 -8.093578 4.422594 11.238749 -51.310118 2.319251 10.858747 7.125221 -11.188903 -0.001373 -0.799755 -4.838552 
0.102009 -8.366147 5.985870 12.251568 -51.840435 1.471926 6.276439 4.725054 -12.768403 -1.143915 0.198478 -4.678294 
0.092518 -7.927628 7.578021 13.334835 -49.113177 0.475251 4.469547 2.017987 -14.279328 -1.978598 1.347411 -4.301244 
0.067034 -6.437372 8.738379 14.481268 -43.312768 -0.109908 3.929714 0.692612 -14.966720 -3.505640 2.009611 -3.691986 
-0.020116 -2.844699 8.396132 13.892885 -36.211027 -2.235366 5.894272 -0.160163 -14.545562 -5.903757 2.378686 -2.403052 
-0.148341 2.286371 7.783366 12.238579 -29.285877 -6.609083 10.188806 -1.347871 -12.076528 -8.188682 1.646970 -0.123919 
-0.308199 7.061562 6.979505 10.297677 -25.380852 -12.935974 11.019206 -3.560321 -9.694178 -7.515532 1.107961 1.582921 
-0.468632 11.099621 6.179029 8.853599 -20.758768 -17.836883 11.102872 -7.290554 -9.121912 -4.977482 0.806661 2.689377 
-0.593257 14.912904 4.977179 7.872793 -17.385127 -21.104908 9.678731 -13.358196 -9.052195 -2.057898 0.436561 3.420611 
-0.654899 17.420721 4.587840 7.422238 -13.065985 -23.034516 8.386347 -17.910413 -9.887470 1.171818 0.365045 4.109298 
-0.653599 18.255621 4.394523 8.101385 -12.529727 -23.519533 7.155381 -19.747179 -11.336470 3.162085 -0.300522 4.292231 
-0.583566 17.555129 4.486936 9.082165 -12.852085 -21.896724 8.093264 -19.809771 -12.279403 1.316618 -2.189039 4.888638 
-0.511116 15.573612 5.078069 10.121902 -15.549577 -18.217991 10.942172 -16.280721 -13.516412 -0.619782 -4.493922 5.758893 
-0.534016 12.134404 4.872869 11.179977 -19.836802 -13.344049 10.146281 -9.509946 -10.366095 0.784660 -5.626747 6.371633 
-0.428616 10.674471 5.204176 10.743610 -26.077743 -8.138666 13.876014 -5.360721 -5.974403 -0.066665 -7.536364 6.838366 
-0.379016 9.556771 4.753075 9.779095 -31.760727 -4.868633 20.257831 -2.882004 -2.601803 0.660310 -9.009564 9.523077 
-0.372924 9.528787 3.649795 9.789220 -32.188560 -5.918816 27.953556 -2.986963 -0.321087 2.888743 -9.084722 11.913566 
-0.371141 10.477787 2.112399 9.752626 -30.928660 -10.302533 33.086814 -5.067438 -0.115645 6.190931 -8.907814 11.037009 
-0.333091 13.040721 -0.156981 8.918973 -28.353818 -15.300324 34.530497 -9.268854 -2.128637 9.833476 -11.100489 4.746221 
-0.295432 17.440296 -2.677590 7.153497 -23.925960 -19.568583 30.875947 -13.843963 -4.990578 12.461840 -13.415839 -10.474811 
-0.269616 23.378012 -4.810451 5.172465 -20.412252 -22.310458 24.000139 -16.565679 -6.643437 13.172723 -15.481847 -16.140511 
-0.242391 30.241312 -6.471265 3.050025 -16.358385 -25.523741 12.135547 -19.070646 -7.227878 11.615870 -18.851772 -7.017844 
-0.293824 35.441879 -7.784595 1.210370 -12.210160 -27.238008 2.410789 -21.025071 -6.067245 8.977878 -22.100414 4.078349 
-0.369191 38.465196 -8.240007 -0.552763 -7.273585 -26.571424 -1.383461 -22.729638 -5.360370 7.792680 -24.194960 9.961155 
-0.404524 40.861262 -8.563940 -2.008457 -2.721668 -26.453541 1.351622 -24.544346 -5.126662 6.332674 -28.891779 12.590659 
-0.392441 41.135529 -8.315918 -2.383420 -1.063060 -26.323899 0.251272 -23.691446 -5.594387 6.142692 -29.191690 12.347431 
-0.351324 38.680221 -7.114692 -1.799048 -1.195185 -24.517441 1.680531 -19.684113 -6.885003 6.831764 -24.123795 9.161293 
-0.286616 33.668662 -5.533468 -0.980920 -2.003060 -16.616183 7.773164 -12.441896 -8.855745 7.759163 -18.526230 6.540219 
-0.262032 25.677062 -3.956367 0.618213 -6.288902 -5.592983 13.204256 -3.117688 -10.065528 8.685274 -12.776764 6.554544 
-0.180524 17.475371 -2.276942 2.719879 -15.499493 0.266142 17.172631 3.159346 -10.478903 9.086654 -9.731239 7.689775 
-0.041299 12.751087 -0.588036 5.829497 -23.120843 1.638209 20.206756 6.307912 -11.037778 7.610233 -9.316839 8.226928 
0.038734 7.554354 1.452874 8.253430 -29.718493 2.288709 16.719072 7.039254 -12.658145 5.955169 -8.622530 8.865202 
0.050726 5.220754 3.060625 10.144319 -34.418735 0.638001 14.917097 5.780529 -14.392128 3.218827 -8.152355 9.086969 
0.006576 3.980346 4.287930 10.943053 -33.204527 -4.998041 17.993947 1.151687 -15.358403 0.723402 -7.187455 9.303182 
-0.093274 5.524137 4.768154 10.838790 -25.331127 -10.737583 19.981239 -5.859246 -15.237345 -0.892132 -6.615914 10.014638 
-0.232974 9.559387 4.294229 10.131659 -15.835552 -13.426524 17.951031 -11.647613 -13.872653 -3.750657 -6.930372 11.333381 
-0.398449 15.117596 3.478615 7.569668 -12.057610 -16.850174 12.439614 -15.348488 -13.623953 -4.573098 -7.147689 12.339167 
-0.588941 19.973204 2.918697 5.619156 -6.483885 -21.030691 9.574522 -20.561613 -14.261412 -2.339107 -7.650105 13.363778 
-0.737641 24.832279 2.441072 4.187304 -4.848702 -23.918883 4.768689 -23.161021 -15.026220 0.598993 -9.243539 13.391018 
-0.817882 27.602037 1.910389 3.932665 -10.016360 -26.496541 2.862864 -24.491563 -14.794153 2.604643 -10.394480 12.394806 
-0.784441 28.216521 2.455020 3.632220 -7.587202 -24.644916 1.213806 -22.575113 -14.412328 2.773368 -10.479964 8.491793 
-0.664524 26.676887 3.320551 3.179793 -8.958618 -21.189974 0.421564 -18.044796 -14.051162 2.426260 -10.007572 10.021366 
-0.535674 20.687346 3.366400 3.853209 -9.254710 -15.863991 2.337197 -9.683796 -13.626287 1.217143 -9.059139 11.660485 
-0.346949 13.902179 3.730695 3.852699 -10.499285 -12.551791 10.462272 -5.516546 -13.062978 -0.502840 -6.874222 11.331477 
-0.228682 9.519979 4.095639 2.954995 -20.147168 -13.451133 18.507339 -8.278154 -11.847487 -1.491548 -2.323164 7.606679 
-0.289449 4.467479 3.613904 3.195585 -27.264302 -12.960733 23.473889 -12.410654 -8.674470 -1.841657 3.167986 1.982530 
-0.397866 0.200079 2.525548 4.338966 -29.320102 -8.526541 26.910614 -13.530546 -7.023828 -2.999007 5.202436 -2.565377 
-0.392316 -4.146584 1.182404 4.106763 -30.647702 -2.076391 28.946714 -12.967038 -7.590287 -4.091640 3.053120 -3.917261 
-0.318157 -6.966328 0.131852 3.350811 -29.103110 -0.220524 27.148139 -12.914138 -8.748812 -4.016190 -0.541522 -3.305061 
-0.286991 -8.056233 -0.326851 3.671685 -22.677893 -6.790316 21.903722 -12.675221 -8.786445 -3.982015 -3.266997 -2.514377 
-0.262357 -7.960482 -0.686240 5.137735 -13.220602 -13.564908 14.520114 -12.790288 -9.031178 -4.493382 -5.703180 -1.390911 
-0.214249 -8.580066 -1.043227 7.797818 -4.795868 -14.698316 6.338406 -13.488788 -9.516928 -4.798990 -6.526197 -0.748811 
-0.207866 -7.776175 -0.552478 8.569621 -4.386952 -13.725533 -2.052069 -14.935921 -9.557420 -4.265215 -4.158080 -1.452161 
-0.250691 -7.216862 0.700560 6.633454 -6.331802 -10.993524 -7.654586 -12.045696 -10.495278 -4.804557 -0.342239 -2.609127 
-0.196416 -7.190682 2.385767 3.102199 -7.639585 -9.333149 -11.698919 -8.550971 -11.951528 -5.222707 1.130870 -2.867344 
-0.008866 -7.471502 4.202792 -0.507496 -9.484118 -8.157149 -18.454111 -8.380163 -12.997595 -2.919115 -0.740297 -2.537077 
0.103818 -8.240520 4.381519 -4.581583 -12.656652 -9.139258 -25.726111 -9.639396 -13.304070 -3.456298 -2.148472 -2.508286 
0.084884 -8.932498 3.710530 -8.075713 -13.651035 -15.074249 -29.384319 -13.924738 -11.266620 -7.712440 -1.791822 -3.272252 
0.034251 -9.578794 3.471454 -9.271190 -10.001760 -20.735508 -33.678678 -18.664204 -9.973537 -12.604240 -2.122039 -4.415527 
-0.019416 -9.602843 2.938692 -9.105099 2.188757 -24.110374 -38.705118 -21.416971 -10.029937 -9.713532 -2.426755 -5.308027 
-0.038316 -8.312843 1.566544 -7.825094 16.696007 -23.949516 -43.480449 -24.081529 -7.516903 -8.230082 -4.130130 -4.932294 
-0.009749 -7.488726 0.161689 -5.058770 26.706507 -21.571399 -43.002393 -24.317463 -5.994870 -7.427332 -4.938722 -3.474036 
0.118168 -6.626103 -0.381529 -3.379299 27.743348 -18.760549 -36.616781 -22.561146 -6.563362 -4.965548 -3.302039 0.524374 
0.233568 -6.397218 -0.567523 -2.124253 19.804682 -15.901983 -27.665761 -19.119638 -6.933045 -3.143457 -0.768747 -0.963933 
0.156501 -6.859573 -0.685472 -0.667557 9.061157 -17.570316 -15.572728 -18.440054 -4.042220 -3.307340 -4.438589 -7.597461 
0.109768 -7.908032 -0.770412 0.260452 2.707340 -20.501233 -6.962303 -17.306246 -3.882287 -2.179498 -5.580830 -4.025811 
0.106368 -8.426628 -0.593393 0.106605 8.072915 -21.932924 -6.485319 -18.341854 -4.716120 -1.990090 -6.034355 -4.655661 
0.118976 -8.722866 -0.706496 0.194580 23.885407 -21.474483 -18.058644 -18.480963 -5.757703 -2.657940 -6.416530 -5.257002 
0.113993 -8.920206 -0.600496 0.296570 36.509083 -18.926966 -30.850536 -14.477346 -6.362128 -3.214573 -6.333922 -5.964794 
0.100893 -9.479329 -0.241249 0.461853 36.208853 -17.667216 -34.841244 -13.783704 -6.565437 -3.072782 -6.292030 -6.377369 
0.106534 -10.696176 -0.102374 0.700185 25.694657 -19.161049 -26.190486 -15.807446 -6.722303 -3.117965 -6.374139 -6.249686 
0.115343 -11.824129 -0.052934 0.684766 15.189665 -21.101299 -13.913686 -17.456413 -6.705053 -3.331573 -6.433172 -5.957919 
0.120193 -11.971118 -0.275320 0.567594 11.784990 -21.645891 -8.957894 -16.799579 -6.317478 -4.269565 -6.523455 -5.893352 
0.134701 -11.812220 -0.543144 0.319544 19.209190 -21.475133 -12.599086 -18.202471 -6.455895 -5.466057 -6.849180 -5.950777 
0.138734 -11.407381 -0.601403 0.375895 32.253227 -20.599616 -24.420628 -17.470954 -6.468245 -6.228557 -7.109647 -6.095486 
0.145226 -11.282418 -0.527258 0.587510 38.059932 -18.563333 -33.540444 -15.170663 -6.484320 -6.364007 -7.171955 -6.140827 
0.151576 -11.987535 -0.397756 0.672946 31.327782 -17.570599 -31.542386 -15.095113 -6.472162 -6.117007 -7.355580 -6.082844 
0.151984 -12.924109 -0.358216 0.364336 18.245848 -19.206541 -19.630594 -16.812529 -6.262770 -5.636215 -7.505389 -5.778636 
0.151951 -13.377913 -0.410653 0.130420 7.894015 -20.915991 -8.614369 -17.016763 -6.097012 -5.480073 -7.409039 -5.571244 
0.144651 -12.872332 -0.536928 -0.337945 7.119290 -21.330116 -6.161136 -16.908704 -5.867712 -5.589782 -7.411130 -5.736061 
0.143643 -12.377731 -0.590430 -0.993116 18.099507 -22.120108 -14.211128 -18.071029 -5.863803 -5.954673 -7.827047 -5.695861 
0.159834 -11.832220 -0.721319 -0.971950 32.874204 -20.614133 -27.685753 -17.004996 -6.325762 -6.210182 -8.237472 -5.728144 
0.156593 -11.646839 -0.739761 -0.427814 36.209978 -18.651866 -34.688603 -15.792404 -6.434987 -6.195732 -8.287355 -5.806252 
0.154409 -12.134101 -0.642719 0.197669 28.076083 -19.372008 -29.038628 -16.765646 -6.430012 -5.923340 -8.405797 -5.842944 
0.153868 -12.682260 -0.682927 0.986817 17.672948 -21.367324 -19.977011 -18.350354 -6.394187 -5.638982 -8.384764 -5.744127 
0.153843 -12.386664 -0.563016 1.937425 13.451690 -21.878108 -15.327411 -18.712721 -6.197770 -5.222248 -8.334547 -5.800102 
0.156359 -11.911865 -0.501006 2.566202 18.036632 -22.716008 -16.951203 -20.440104 -6.287120 -5.323723 -8.351264 -5.927677 
0.156251 -11.390614 -0.567157 2.614901 31.050047 -23.570333 -27.073753 -20.977979 -6.395645 -5.973457 -8.319755 -6.161261 
0.157543 -11.096606 -0.614416 2.696353 39.859008 -21.305016 -36.700698 -18.198629 -6.423762 -6.457040 -8.020205 -6.362794 
0.152093 -11.256575 -0.625921 2.797808 36.918408 -18.391074 -35.926323 -15.803488 -6.357912 -6.624082 -7.769514 -6.374186 
0.147109 -11.658950 -0.652104 2.891400 24.646615 -17.558166 -23.867161 -16.072971 -5.902270 -6.322990 -7.399364 -6.053719 
0.131609 -11.798759 -0.778046 3.112910 6.609590 -17.842866 -5.017186 -16.817379 -4.996012 -6.017532 -6.335855 -5.812486 
0.098451 -11.404608 -0.775435 2.919993 -11.485552 -18.021058 15.787481 -17.871979 -3.882828 -5.761615 -5.420255 -5.932686 
0.072484 -10.558810 -0.800101 2.431158 -20.122418 -19.605033 26.711464 -21.571638 -3.525570 -5.367423 -4.952580 -6.488902 
0.082609 -9.974127 -1.160828 2.949137 -5.706510 -21.739508 10.508914 -25.667046 -4.144270 -5.714782 -6.140289 -6.736819 
0.087743 -9.982945 -2.394511 4.735087 26.092833 -20.629741 -27.873386 -22.964971 -5.073237 -6.675873 -7.181497 -7.130686 
0.081576 -11.629781 -2.604639 4.558031 51.286595 -17.180666 -51.290114 -17.360679 -5.815870 -7.705298 -8.428830 -7.362802 
0.053093 -12.511006 -2.686350 4.516028 64.836332 -16.302491 -59.683711 -13.282729 -6.213645 -8.774373 -8.811597 -7.655527 
0.033051 -12.465106 -2.237600 4.562585 61.972607 -17.723374 -57.047531 -14.088463 -6.051570 -8.594998 -8.555989 -7.916694 
0.052259 -11.743474 -1.719261 4.334840 45.854267 -18.792966 -44.359758 -17.060213 -6.023520 -8.002832 -8.248322 -7.394744 
0.105068 -11.490665 -1.646223 3.700438 27.702221 -18.925666 -25.746644 -19.220604 -6.250770 -7.192248 -8.310830 -6.302152 
0.166734 -11.901683 -1.567227 2.726549 11.816490 -19.635108 -9.372719 -20.734029 -6.532862 -6.004073 -8.462822 -4.844544 
0.226359 -12.831724 -1.231558 1.810378 -2.630185 -20.663299 8.315281 -21.576263 -6.982737 -5.032607 -8.811964 -3.471627 
0.247601 -14.083530 -0.803524 1.187180 -17.293727 -20.788374 22.304647 -21.008879 -7.051695 -4.533607 -9.065030 -2.735602 
0.235768 -14.267139 -0.779658 1.264326 -27.683052 -21.082849 31.216389 -21.337021 -7.006695 -4.433398 -8.855022 -2.964219 
0.222293 -14.164082 -0.604497 1.392680 -27.137060 -18.781824 31.256981 -22.607604 -6.972403 -4.856482 -9.169764 -3.652069 
0.197818 -13.786369 -0.791172 2.270334 -8.461968 -16.876949 10.105856 -23.661379 -6.876045 -5.516065 -9.599814 -4.494369 
0.173118 -13.701388 -1.214774 3.955672 19.696990 -16.178791 -23.220378 -24.466696 -6.838228 -6.036748 -9.489672 -5.494136 
0.157043 -13.643792 -0.911117 4.431737 42.197915 -13.892849 -43.204021 -20.130996 -7.093603 -6.384948 -9.110980 -6.124027 
0.140251 -13.411710 -1.012862 4.968319 52.736728 -14.763599 -51.844472 -15.449471 -7.016578 -7.301540 -9.025714 -6.318611 
0.133501 -12.836690 -1.070053 5.211331 47.053197 -17.515566 -45.936014 -13.067971 -7.069903 -7.366132 -8.381372 -6.189794 
0.153984 -13.027322 -0.978729 4.516330 29.845674 -20.355216 -29.078744 -14.663838 -7.136695 -6.677223 -8.330264 -5.609336 
0.193184 -13.512698 -0.886674 3.581275 14.992407 -21.957341 -14.535319 -16.942696 -7.270103 -6.013473 -8.545630 -4.725352 
0.228901 -13.924480 -0.803711 2.771887 3.876123 -23.928966 -0.165661 -18.166554 -7.430253 -5.305465 -8.668672 -3.824902 
0.252551 -14.031352 -0.695893 1.983535 -3.945352 -25.426291 9.693814 -19.391304 -7.675995 -4.643065 -8.683155 -3.245844 
0.254318 -13.889426 -0.725055 1.834320 -6.147868 -26.634558 15.579756 -20.501704 -7.761212 -4.587523 -8.695364 -3.414152 
0.240034 -14.103662 -0.718550 1.816976 1.160940 -25.705324 10.167056 -20.721171 -7.593378 -4.770773 -9.218330 -3.972894 
0.218393 -13.468507 -0.666597 2.330797 19.522015 -24.544724 -8.895919 -19.088413 -7.535945 -5.427140 -9.518722 -4.852986 
0.197659 -13.431185 -0.869906 2.751320 40.234483 -22.712366 -32.728860 -17.529996 -7.694962 -6.377815 -9.616155 -5.601994 
0.173659 -14.002618 -1.122441 3.325445 51.894148 -21.345458 -49.723004 -15.433288 -7.900453 -7.030107 -9.350180 -6.264202 
0.160101 -14.118171 -1.088822 3.694320 48.053658 -20.917616 -50.626641 -14.979179 -7.896853 -7.298148 -9.194264 -6.484552 
0.163118 -14.610122 -1.030232 3.856295 34.553716 -20.723941 -35.866324 -15.781871 -7.847495 -7.052165 -8.990614 -6.237911 
0.181551 -15.198288 -0.708949 3.558667 22.222015 -21.777999 -20.978744 -17.800113 -7.614062 -6.417998 -9.024622 -5.604027 
0.206118 -15.541282 -0.576069 2.877099 12.050782 -23.573849 -9.112836 -19.326588 -7.706687 -5.978732 -8.985314 -4.962102 
0.227126 -15.377736 -0.645919 2.308825 9.038857 -24.171724 -1.039369 -20.633804 -7.982437 -6.077023 -8.919897 -4.487561 
0.234343 -15.192676 -0.469805 1.758557 10.641998 -24.304474 -1.161511 -20.509579 -7.887462 -6.524057 -9.338205 -4.384136 
0.231859 -15.064374 -0.336090 1.494631 15.203740 -24.657249 -3.982511 -21.332513 -7.811920 -6.815223 -9.438605 -4.473694 
0.222351 -15.366092 -0.374652 1.358496 12.908332 -24.539274 -3.627619 -21.940704 -7.969687 -6.740848 -9.232672 -4.739319 
0.218126 -15.866518 -0.282575 1.537060 6.542073 -23.787324 -1.168403 -20.500571 -8.055303 -6.300165 -9.013489 -4.784194 
0.208976 -15.750418 -0.163178 1.643499 7.698857 -21.596374 -4.094769 -18.895096 -8.146028 -6.039482 -8.838464 -4.767094 
0.212676 -15.321372 0.056685 1.276817 19.601432 -19.987791 -13.479753 -19.035013 -8.536995 -6.783740 -8.684447 -4.970727 
0.218518 -14.353795 -0.201968 2.269837 36.205284 -18.834933 -30.796743 -17.973438 -9.103495 -7.783390 -8.629147 -5.386611 
0.218609 -13.350474 -0.219726 2.044650 46.036245 -18.366733 -42.077858 -16.701846 -8.970887 -8.133682 -8.686280 -5.616544 
0.216268 -13.545267 -0.229141 1.933733 42.136512 -19.382624 -40.040476 -17.443754 -8.603053 -7.745440 -8.785389 -5.535927 
0.210851 -14.260973 -0.233901 1.440275 27.819272 -19.344549 -26.429094 -18.282463 -8.439928 -7.109207 -8.980430 -5.453461 
0.205234 -15.533451 -0.328637 0.104829 12.054223 -19.171316 -11.332044 -18.151379 -8.127020 -6.433323 -9.116289 -5.321052 
0.206934 -16.854784 -0.413893 -1.243419 7.372182 -18.778474 -7.870386 -17.302671 -8.058003 -5.981982 -9.106297 -5.361011 
